1000||11
1000||31
1000||32
1000||43
1000||47
1000||49
1000||69
1000||76
1000||77
1001||2
1001||32
1001||43
1001||47
1001||73
1001||76
1002||26
1002||3
1002||32
1002||33
1002||55
1002||76
1002||93
1003||73
1004||27
1005||11
1005||31
1005||32
1005||33
1005||40
1005||55
1005||58
1005||76
1005||78
1005||89
1005||93
1006||2
1006||31
1006||32
1007||14
1007||29
1007||31
1007||32
1007||33
1007||43
1007||47
1007||55
1007||73
1007||93
1008||1
1008||32
1008||44
1008||47
1008||56
1009||1
1009||14
1009||17
1009||24
1009||31
1009||4
1009||93
100||11
100||12
100||40
1010||31
1010||32
1010||33
1010||47
1010||85
1011||31
1011||32
1011||40
1011||41
1011||5
1011||52
1011||60
1011||69
1011||92
1012||12
1012||18
1012||19
1012||67
1013||11
1013||24
1013||63
1014||25
1014||3
1014||33
1014||45
1014||47
1014||52
1014||76
1015||2
1015||43
1015||52
1015||60
1015||61
1015||69
1016||27
1016||82
1017||27
1017||47
1017||60
1018||27
1018||28
1019||17
1019||24
1019||27
1019||32
1019||36
1019||5
1019||92
101||32
101||36
101||44
101||56
101||81
1020||15
1020||40
1021||15
1021||74
1022||32
1023||27
1024||44
1024||47
1024||55
1024||58
1024||73
1025||11
1025||12
1025||2
1025||24
1025||32
1025||73
1026||30
1026||31
1026||32
1026||33
1026||49
1026||69
1026||89
1027||64
1027||76
1028||29
1029||3
1029||32
1029||60
1029||69
1029||89
1029||91
102||27
1030||60
1030||73
1031||40
1031||43
1031||87
1032||18
1033||17
1033||88
1034||29
1035||1
1035||32
1035||33
1035||40
1035||88
1036||3
1036||40
1036||88
1037||40
1038||29
1039||14
1039||24
1039||31
1039||33
1039||69
1039||89
103||32
103||36
103||47
103||6
103||81
1040||59
1040||60
1040||83
1041||60
1041||75
1042||59
1042||60
1042||83
1043||27
1043||82
1044||12
1044||25
1044||33
1044||38
1044||60
1044||62
1045||73
1046||40
1047||17
1047||37
1047||42
1047||60
1047||86
1047||88
1047||89
1048||1
1048||21
1048||24
1048||27
1048||29
1048||33
1048||36
1048||5
1048||50
1048||6
1048||60
1048||64
1048||69
1048||81
1048||93
1049||27
104||28
1050||31
1050||32
1050||33
1050||47
1050||56
1050||60
1051||27
1052||11
1052||14
1052||29
1052||33
1053||10
1053||11
1053||32
1053||5
1053||55
1053||60
1053||69
1053||92
1054||47
1054||50
1054||52
1054||60
1054||69
1054||86
1055||15
1055||24
1055||31
1055||32
1055||34
1055||47
1055||76
1055||89
1056||27
1057||32
1058||27
1059||27
105||13
1060||1
1060||14
1060||17
1060||24
1060||69
1060||93
1061||32
1061||60
1062||5
1062||69
1062||81
1062||92
1063||36
1063||5
1064||11
1064||2
1064||32
1064||43
1064||55
1064||69
1064||73
1065||32
1065||55
1066||24
1066||47
1066||48
1066||52
1066||69
1066||86
1067||31
1067||32
1067||73
1068||1
1068||29
1068||30
1068||32
1068||33
1068||4
1068||47
1068||73
1068||86
1068||89
1069||24
1069||25
1069||3
1069||37
1069||47
1069||84
106||3
1070||14
1070||33
1070||50
1070||89
1071||14
1071||24
1071||29
1071||33
1071||4
1071||69
1071||93
1072||44
1072||60
1073||23
1073||3
1073||35
1073||40
1073||88
1074||16
1074||24
1074||3
1074||32
1074||33
1074||36
1074||48
1074||52
1074||64
1074||78
1075||3
1075||9
1076||32
1076||78
1077||27
1078||32
1078||55
1078||74
1078||9
1079||31
1079||32
1079||33
1079||46
1079||47
1079||55
1079||73
1079||76
107||27
1080||27
1080||28
1081||32
1082||40
1082||5
1083||32
1083||47
1083||56
1083||78
1084||3
1084||55
1084||58
1085||27
1086||33
1086||43
1086||52
1086||64
1086||69
1086||86
1086||89
1087||14
1087||29
1087||32
1088||1
1088||24
1089||40
108||12
108||29
108||32
108||33
108||60
108||76
1090||31
1090||32
1090||73
1090||76
1090||78
1091||50
1091||69
1092||40
1092||56
1093||27
1094||91
1095||27
1096||40
1097||40
1097||88
1098||40
1099||3
1099||84
1099||90
109||27
10||1
10||3
10||50
10||52
10||69
10||86
1100||10
1100||11
1100||12
1100||24
1100||27
1100||43
1100||73
1101||10
1101||12
1101||22
1101||52
1101||54
1101||59
1101||60
1101||64
1101||69
1101||78
1102||13
1103||11
1103||32
1103||33
1103||5
1103||92
1104||3
1104||9
1105||31
1105||32
1105||33
1105||63
1105||69
1105||73
1105||93
1106||17
1106||32
1106||40
1106||71
1107||27
1108||17
1108||23
1108||3
1108||37
1108||40
1108||87
1108||9
1109||32
110||11
110||12
110||29
110||54
110||93
1110||11
1111||10
1111||11
1111||12
1111||29
1111||31
1111||32
1111||33
1111||73
1112||30
1112||52
1112||63
1112||64
1112||78
1113||11
1113||32
1113||33
1113||40
1113||43
1113||55
1113||76
1113||87
1114||17
1114||24
1114||44
1114||48
1114||56
1114||69
1114||86
1115||11
1115||3
1115||33
1115||46
1115||55
1115||77
1115||78
1116||1
1116||17
1116||32
1116||44
1116||47
1116||52
1116||56
1116||78
1117||1
1117||17
1117||24
1117||32
1118||14
1118||29
1118||33
1118||36
1118||5
1118||81
1118||92
1119||17
1119||24
1119||29
1119||30
1119||31
1119||32
1119||33
1119||34
1119||44
1119||47
1119||58
1119||78
1119||85
1119||89
111||72
1120||15
1120||32
1120||40
1120||58
1120||73
1120||90
1121||1
1121||3
1121||32
1121||36
1121||78
1122||1
1122||24
1122||31
1122||32
1122||43
1122||46
1122||76
1123||27
1124||90
1125||47
1125||56
1126||1
1126||29
1126||43
1126||47
1126||55
1126||60
1126||62
1127||1
1127||17
1127||33
1127||39
1127||47
1127||56
1128||60
1129||10
1129||12
1129||25
1129||60
1129||87
112||27
1130||1
1130||17
1130||32
1130||44
1130||45
1130||55
1130||76
1130||78
1131||25
1131||3
1131||50
1131||52
1131||69
1131||70
1131||76
1131||84
1131||86
1132||12
1132||40
1132||59
1132||60
1133||32
1133||33
1133||64
1133||69
1133||86
1134||40
1134||88
1134||90
1135||11
1135||44
1135||47
1135||56
1136||40
1136||87
1136||88
1137||10
1137||12
1137||15
1137||16
1137||32
1137||40
1137||44
1137||47
1137||55
1137||60
1137||76
1137||78
1137||87
1138||88
1139||1
1139||31
1139||32
113||49
113||73
1140||14
1140||31
1140||32
1140||7
1140||85
1141||10
1141||3
1142||29
1143||12
1144||32
1144||40
1144||47
1144||78
1145||17
1145||32
1145||35
1145||37
1145||40
1145||78
1146||11
1146||31
1146||32
1146||33
1146||55
1146||76
1147||15
1147||55
1148||40
1148||47
1149||88
114||11
114||5
114||92
1150||1
1150||32
1150||5
1151||32
1151||43
1152||17
1152||60
1152||73
1153||74
1154||32
1154||47
1154||52
1154||62
1155||32
1155||33
1155||4
1156||32
1156||55
1157||32
1158||1
1158||27
1158||28
1158||3
1158||47
1158||52
1158||56
1159||32
1159||40
1159||87
115||18
115||32
115||43
115||45
115||51
115||60
115||63
1160||11
1160||32
1160||33
1160||78
1161||14
1161||17
1161||24
1161||29
1161||32
1161||36
1161||5
1161||6
1161||60
1161||69
1161||78
1161||81
1161||92
1162||11
1162||32
1162||49
1163||11
1163||20
1163||32
1163||43
1163||44
1163||47
1163||53
1163||57
1163||60
1163||69
1163||78
1163||86
1164||47
1164||63
1164||74
1164||76
1165||10
1165||12
1166||1
1166||32
1166||40
1166||43
1166||47
1166||55
1166||73
1167||24
1167||3
1167||30
1167||32
1167||69
1167||78
1167||89
1168||14
1168||15
1168||29
1168||32
1168||33
1168||40
1168||69
1168||76
1168||78
1169||1
1169||31
1169||32
1169||40
1169||45
1169||47
1169||59
1169||60
1169||61
116||29
1170||11
1170||2
1170||32
1170||49
1170||55
1170||60
1170||69
1170||89
1171||1
1171||17
1171||24
1171||3
1171||32
1171||33
1171||44
1171||78
1171||91
1172||17
1172||37
1172||40
1173||40
1174||11
1174||32
1175||14
1175||24
1175||29
1175||32
1175||33
1175||47
1175||55
1175||78
1176||31
1176||32
1176||33
1176||49
1176||55
1176||73
1177||1
1177||14
1177||15
1177||24
1177||29
1177||4
1177||42
1177||73
1177||9
1178||24
1178||33
1178||93
1179||10
1179||11
1179||12
1179||5
117||59
117||65
117||83
1180||11
1180||32
1180||43
1180||63
1180||64
1180||78
1181||11
1181||32
1181||73
1182||1
1182||24
1182||32
1182||33
1182||44
1183||17
1183||40
1183||52
1183||59
1183||60
1184||32
1185||32
1185||51
1185||60
1185||69
1185||73
1185||78
1185||89
1186||1
1186||14
1186||24
1186||33
1186||4
1187||32
1187||40
1187||50
1187||69
1187||87
1188||25
1188||52
1189||1
1189||32
1189||33
1189||47
1189||76
1189||78
118||11
118||15
118||32
118||43
118||55
1190||3
1190||32
1190||40
1190||49
1191||14
1191||29
1191||33
1192||12
1193||17
1193||32
1193||37
1193||40
1194||1
1194||29
1194||31
1194||60
1194||74
1194||90
1195||10
1195||12
1195||60
1196||27
1197||14
1197||24
1197||29
1197||33
1197||47
1197||56
1198||1
1198||10
1198||24
1198||3
1198||30
1198||31
1198||32
1198||33
1198||40
1198||43
1198||46
1198||47
1198||5
1198||51
1198||52
1198||55
1198||60
1198||69
1198||73
1198||76
1198||78
1198||89
1198||9
1198||91
1198||92
1198||93
1199||15
119||36
119||50
119||51
119||52
119||86
11||27
1200||10
1200||12
1200||32
1200||36
1201||32
1201||69
1201||78
1202||33
1202||69
1202||89
1203||40
1204||17
1204||24
1204||59
1204||60
1204||73
1205||27
1205||28
1206||27
1206||28
1207||29
1208||29
1208||30
1208||32
1208||46
1208||47
1208||69
1208||78
1209||15
1209||40
1209||43
1209||44
1209||47
1209||55
120||10
120||12
120||40
120||60
1210||11
1211||60
1212||17
1212||24
1212||38
1212||59
1212||60
1212||62
1213||1
1213||17
1213||3
1213||32
1213||44
1213||47
1213||78
1214||16
1214||32
1214||47
1214||60
1214||78
1215||5
1216||55
1217||1
1217||17
1217||32
1217||37
1217||47
1217||71
1218||32
1218||33
1218||69
1218||76
1218||78
1218||89
1219||11
1219||14
1219||2
1219||33
1219||4
1219||43
1219||55
1219||93
121||51
121||52
121||63
121||86
1220||29
1221||1
1221||30
1221||32
1221||44
1221||47
1221||55
1221||76
1221||80
1222||13
1222||60
1223||27
1224||31
1224||32
1224||4
1224||51
1224||63
1224||76
1224||93
1225||32
1225||36
1225||56
1225||57
1225||58
1225||59
1225||69
1225||83
1226||10
1226||32
1226||60
1227||1
1227||52
1227||69
1227||78
1228||1
1228||32
1229||32
1229||49
1229||55
122||32
122||76
1230||32
1230||4
1230||54
1230||60
1231||11
1231||55
1232||31
1232||32
1232||56
1233||27
1234||56
1234||60
1234||89
1235||1
1235||29
1235||32
1235||33
1235||57
1235||60
1236||15
1236||32
1236||40
1236||48
1236||76
1236||78
1236||8
1237||32
1237||43
1238||10
1238||32
1238||55
1238||69
1238||78
1238||86
1238||89
1238||91
1239||27
123||1
123||57
123||59
123||60
123||62
123||75
1240||27
1241||1
1241||17
1241||25
1241||31
1241||32
1241||33
1241||63
1241||76
1241||78
1242||1
1242||17
1242||24
1242||3
1242||32
1242||34
1243||32
1243||64
1243||78
1244||31
1244||32
1244||33
1244||4
1244||40
1244||43
1244||47
1244||50
1244||55
1244||69
1244||7
1244||86
1244||87
1245||43
1245||60
1245||64
1245||78
1246||17
1246||22
1246||3
1246||54
1246||59
1246||60
1247||27
1247||3
1247||9
1248||47
1248||73
1249||27
124||17
124||23
124||24
124||27
124||3
124||37
124||48
124||64
124||69
1250||14
1250||29
1250||33
1250||93
1251||17
1251||3
1251||55
1252||10
1252||11
1252||12
1252||16
1252||17
1252||60
1253||29
1254||11
1254||24
1254||60
1254||62
1254||66
1255||12
1255||17
1255||24
1255||3
1255||31
1255||32
1255||33
1255||34
1255||36
1255||40
1255||41
1255||55
1255||58
1255||60
1255||69
1255||78
1255||86
1255||88
1255||91
1255||93
1256||17
1256||24
1256||3
1256||44
1256||45
1256||48
1257||1
1257||32
1257||64
1257||78
1258||40
1258||87
1259||2
125||11
125||12
125||61
125||72
1260||24
1260||33
1260||5
1260||50
1260||69
1260||70
1260||86
1260||92
1261||40
1262||31
1262||32
1262||63
1262||73
1262||76
1262||78
1262||93
1263||1
1263||32
1263||33
1263||47
1263||69
1263||70
1263||86
1264||31
1264||32
1264||33
1264||42
1264||49
1264||63
1264||69
1264||78
1264||90
1265||33
1265||89
1266||17
1266||25
1266||37
1266||40
1266||8
1267||12
1267||29
1267||32
1267||4
1268||31
1268||32
1268||4
1268||55
1268||58
1268||93
1269||90
126||27
1270||11
1270||2
1271||12
1271||60
1272||14
1272||31
1272||32
1272||33
1272||63
1272||78
1272||93
1273||40
1273||87
1274||40
1274||44
1274||45
1274||87
1275||40
1275||60
1276||28
1277||3
1277||32
1277||47
1277||55
1277||92
1278||40
1278||60
1279||27
127||14
127||29
127||33
127||47
127||56
1280||10
1280||12
1280||32
1280||33
1280||38
1280||40
1280||62
1281||17
1281||26
1281||3
1281||34
1281||35
1281||38
1281||52
1281||69
1282||33
1282||52
1282||73
1282||89
1282||9
1283||5
1283||92
1284||27
1285||1
1285||32
1285||42
1285||44
1285||73
1286||15
1286||32
1286||33
1286||47
1286||71
1286||91
1286||93
1287||14
1287||29
1288||17
1288||37
1288||40
1288||60
1289||23
1289||3
1289||35
1289||40
1289||60
1289||9
128||12
128||16
128||24
128||58
128||59
128||60
128||69
1290||29
1290||33
1290||40
1290||47
1290||56
1290||60
1291||27
1292||29
1293||20
1293||22
1293||3
1293||50
1293||58
1293||60
1293||69
1293||86
1294||40
1294||43
1294||51
1294||55
1294||58
1294||87
1295||27
1296||29
1296||31
1296||32
1296||43
1297||15
1297||31
1297||32
1297||33
1297||47
1297||76
1297||93
1298||58
1299||31
1299||32
1299||33
1299||47
1299||76
129||27
12||1
12||32
12||60
1300||12
1300||32
1300||40
1301||10
1301||12
1301||14
1301||2
1301||29
1301||32
1301||33
1301||47
1301||52
1301||55
1301||60
1301||76
1301||85
1302||10
1302||11
1302||12
1302||15
1302||18
1302||19
1302||89
1303||32
1303||55
1304||29
1305||31
1305||32
1305||33
1305||43
1305||47
1305||55
1305||60
1305||73
1305||76
1306||29
1307||10
1307||11
1307||12
1307||32
1307||43
1307||44
1307||54
1307||58
1308||32
1308||38
1308||60
1309||14
1309||17
1309||24
1309||40
1309||42
1309||63
130||1
130||14
130||27
130||33
130||4
130||50
130||69
1310||14
1310||17
1310||24
1310||29
1310||3
1310||32
1310||33
1310||40
1310||42
1310||47
1310||48
1310||49
1310||50
1310||52
1310||58
1310||64
1310||69
1310||7
1310||76
1310||78
1310||86
1310||87
1310||89
1311||32
1311||40
1311||55
1311||58
1311||73
1311||85
1312||40
1312||90
1313||3
1313||60
1313||62
1313||9
1314||3
1314||60
1314||84
1315||1
1315||15
1315||3
1315||40
1315||43
1315||73
1315||90
1316||17
1316||21
1316||23
1316||3
1316||32
1316||59
1316||60
1316||9
1317||32
1317||55
1317||91
1318||26
1319||40
131||10
1320||44
1320||47
1320||78
1320||89
1321||1
1321||3
1321||32
1321||51
1321||76
1322||17
1322||24
1322||30
1322||32
1322||44
1322||76
1323||14
1323||17
1323||29
1323||32
1323||33
1323||76
1323||79
1323||86
1324||40
1325||31
1325||32
1325||69
1326||22
1326||45
1326||47
1326||52
1326||56
1327||10
1327||12
1327||32
1327||40
1327||60
1327||65
1328||40
1329||10
1329||12
1329||30
1329||31
1329||32
1329||33
1329||4
1329||40
1329||63
1329||78
1329||89
1329||93
132||12
132||18
132||67
1330||27
1331||1
1331||11
1331||32
1331||45
1331||48
1331||50
1331||55
1331||60
1331||86
1332||14
1332||24
1332||33
1332||4
1333||31
1333||32
1333||33
1334||73
1335||29
1336||40
1337||24
1337||3
1337||34
1337||40
1337||69
1337||73
1337||86
1338||1
1338||23
1338||24
1338||3
1338||34
1338||47
1338||52
1338||69
1339||11
1339||32
1339||60
133||10
133||12
1340||32
1340||55
1340||91
1341||12
1341||18
1341||19
1342||24
1342||32
1342||46
1342||69
1342||73
1342||78
1343||1
1343||24
1343||3
1343||30
1343||32
1343||34
1343||52
1343||69
1343||76
1343||78
1344||31
1344||32
1344||46
1344||63
1344||76
1345||27
1346||14
1346||24
1346||27
1346||29
1346||33
1346||50
1346||69
1346||92
1347||1
1347||32
1347||43
1347||47
1347||57
1347||59
1347||60
1347||62
1347||76
1347||78
1347||83
1348||59
1348||60
1349||1
1349||24
1349||32
1349||47
1349||78
134||40
134||60
134||61
1350||31
1350||32
1350||76
1351||12
1351||60
1352||32
1352||43
1352||49
1353||1
1353||17
1353||24
1353||3
1354||11
1354||12
1354||32
1354||33
1355||11
1355||32
1355||43
1355||69
1355||73
1355||76
1356||10
1356||12
1356||18
1356||19
1356||68
1357||78
1357||89
1358||13
1358||14
1358||29
1359||1
1359||11
1359||17
1359||24
1359||32
1359||34
1359||43
1359||55
1359||69
1359||78
1359||89
135||17
135||24
135||25
135||34
135||44
135||47
135||52
135||64
135||89
1360||32
1360||36
1360||40
1360||43
1360||46
1360||47
1360||5
1360||52
1360||76
1360||78
1360||92
1361||27
1362||17
1362||3
1362||32
1362||50
1362||52
1362||69
1362||7
1362||86
1362||89
1363||31
1363||32
1363||33
1363||37
1363||60
1363||62
1363||89
1364||32
1365||50
1365||52
1365||58
1365||60
1365||62
1365||69
1365||86
1366||29
1367||1
1367||25
1367||27
1367||62
1368||3
1368||60
1368||62
1368||73
1369||30
1369||31
1369||32
1369||46
1369||76
1369||78
136||16
136||17
136||23
136||3
136||31
136||32
136||37
136||71
136||76
1370||1
1370||24
1370||47
1370||56
1370||89
1370||93
1371||23
1371||3
1371||33
1371||43
1371||47
1371||60
1371||81
1371||89
1372||22
1372||32
1372||33
1372||5
1372||69
1372||73
1372||89
1372||91
1372||92
1373||1
1373||12
1373||16
1373||44
1373||47
1373||51
1373||60
1374||11
1374||32
1374||45
1374||48
1374||50
1374||55
1374||60
1374||86
1375||14
1375||29
1376||14
1376||29
1376||31
1376||32
1376||33
1376||64
1376||69
1376||86
1376||89
1377||33
1377||70
1377||86
1378||17
1378||3
1378||32
1378||33
1378||47
1378||69
1378||76
1378||78
1378||89
1379||11
137||61
1380||91
1381||15
1381||31
1381||32
1382||10
1382||12
1382||15
1382||24
1382||3
1382||32
1382||40
1382||43
1382||47
1382||73
1382||87
1383||24
1383||33
1383||69
1383||89
1384||14
1384||29
1384||31
1384||32
1384||33
1384||50
1384||52
1384||69
1384||89
1384||93
1385||1
1385||24
1385||33
1385||69
1385||70
1385||86
1385||89
1386||27
1387||32
1387||49
1388||29
1389||1
1389||5
1389||83
138||59
138||60
138||69
138||73
1390||3
1390||9
1391||14
1391||23
1391||29
1391||3
1391||32
1391||33
1391||38
1391||45
1391||47
1391||50
1391||52
1391||58
1391||60
1391||64
1391||69
1391||74
1391||76
1391||86
1392||32
1393||29
1394||33
1394||4
1394||43
1394||56
1395||29
1396||14
1396||24
1396||33
1396||50
1396||69
1396||74
1396||86
1397||17
1397||32
1397||33
1397||40
1397||44
1397||52
1397||60
1397||78
1398||29
1399||14
1399||17
1399||25
1399||26
1399||29
1399||32
1399||33
1399||64
1399||69
1399||76
1399||89
139||11
139||12
13||2
1400||40
1401||14
1401||29
1401||32
1401||33
1401||58
1401||78
1401||89
1402||14
1402||29
1402||33
1402||69
1402||78
1403||24
1403||29
1403||3
1403||33
1403||40
1403||47
1403||52
1403||56
1403||9
1404||3
1404||40
1405||11
1405||12
1406||13
1406||73
1406||82
1407||22
1407||26
1407||31
1407||32
1407||34
1407||35
1407||48
1407||55
1407||60
1407||69
1407||78
1407||86
1407||89
1408||1
1408||17
1408||24
1408||3
1408||32
1408||35
1408||37
1408||43
1408||44
1409||3
1409||32
1409||60
1409||62
140||12
140||32
140||60
1410||3
1410||45
1410||48
1410||52
1411||32
1411||33
1412||15
1413||27
1414||1
1414||17
1414||22
1414||24
1414||3
1414||32
1414||33
1414||36
1414||44
1414||46
1414||5
1414||60
1414||63
1414||64
1414||69
1414||73
1414||76
1414||78
1414||82
1414||89
1414||93
1415||33
1415||50
1415||69
1415||86
1416||29
1417||1
1417||14
1417||24
1417||29
1417||30
1417||32
1417||33
1417||46
1417||53
1417||57
1417||60
1417||64
1417||73
1417||78
1417||83
1418||29
1419||11
1419||15
1419||2
1419||43
141||1
141||35
141||41
141||42
141||78
1420||17
1420||37
1420||59
1420||60
1421||40
1421||47
1422||11
1423||32
1423||69
1423||78
1423||86
1424||32
1425||11
1425||16
1425||32
1425||60
1426||1
1426||15
1426||3
1426||32
1426||33
1426||36
1426||40
1426||44
1426||48
1426||50
1426||52
1426||55
1426||58
1426||70
1426||78
1426||86
1426||88
1426||89
1426||90
1427||11
1427||32
1427||60
1428||29
1428||30
1428||31
1428||32
1428||76
1428||78
1429||32
1429||43
1429||47
1429||56
1429||60
142||27
1430||24
1430||31
1430||32
1430||4
1430||43
1430||76
1431||29
1432||88
1433||11
1433||12
1433||63
1434||47
1434||55
1435||3
1435||47
1435||56
1435||60
1436||1
1436||3
1436||47
1436||56
1436||60
1437||3
1437||31
1437||32
1437||33
1437||40
1437||44
1437||55
1437||85
1437||93
1438||17
1438||22
1438||3
1438||50
1439||14
1439||29
1439||33
1439||93
143||60
143||73
1440||40
1441||3
1441||73
1442||69
1442||78
1443||11
1443||43
1444||29
1445||29
1446||33
1447||14
1447||2
1447||3
1447||31
1447||32
1447||33
1447||52
1447||56
1447||60
1447||73
1447||76
1447||78
1447||93
1448||14
1448||27
1448||29
1449||31
1449||32
1449||33
1449||76
1449||78
1449||87
1449||91
144||27
144||28
1450||32
1450||33
1450||60
1451||31
1451||32
1451||33
1451||69
1451||78
1451||86
1451||89
1452||32
1452||47
1453||13
1454||23
1454||3
1454||32
1454||33
1454||38
1454||60
1454||62
1454||69
1454||76
1454||78
1454||89
1454||9
1455||31
1455||32
1455||33
1455||47
1455||76
1456||40
1457||32
1457||46
1457||76
1458||55
1459||1
1459||17
1459||24
1459||3
1459||60
145||24
145||60
145||73
1460||29
1461||14
1461||17
1461||33
1461||89
1462||24
1462||32
1462||34
1462||47
1462||76
1462||78
1463||32
1464||40
1465||22
1465||24
1465||33
1465||64
1465||69
1466||29
1467||1
1467||14
1467||29
1467||33
1467||93
1468||17
1468||24
1468||26
1468||29
1468||40
1468||56
1469||29
146||27
1470||17
1470||24
1470||3
1470||36
1470||47
1470||5
1470||78
1471||35
1471||37
1471||71
1471||84
1472||11
1473||3
1473||32
1473||40
1473||43
1473||47
1473||55
1473||60
1473||69
1473||76
1474||11
1474||32
1475||3
1475||9
1476||31
1476||32
1477||1
1477||17
1477||24
1477||3
1477||35
1477||37
1477||42
1477||45
1477||59
1477||60
1477||83
1478||27
1478||28
1479||29
147||17
147||20
147||37
147||47
147||55
147||58
147||59
147||60
1480||17
1480||23
1480||26
1480||3
1480||32
1480||40
1480||69
1480||73
1480||76
1480||78
1480||9
1481||29
1482||32
1482||49
1482||50
1482||69
1482||89
1483||1
1483||17
1483||34
1483||43
1483||52
1483||60
1483||62
1483||78
1483||86
1484||27
1485||1
1485||24
1485||3
1485||32
1485||60
1486||31
1486||32
1486||33
1487||32
1487||5
1487||52
1487||64
1487||76
1488||24
1488||33
1489||29
148||27
1490||1
1490||24
1490||3
1490||45
1490||47
1490||52
1490||60
1490||62
1490||69
1490||74
1491||10
1491||12
1491||17
1491||32
1491||38
1491||40
1491||60
1492||72
1493||24
1493||32
1493||36
1493||5
1494||29
1495||69
1496||17
1496||20
1496||3
1496||37
1496||58
1496||60
1496||71
1496||74
1497||40
1497||41
1497||42
1497||45
1497||64
1498||27
1499||27
1499||82
149||27
14||24
14||32
14||42
14||63
1500||29
1501||27
1502||49
1502||76
1503||33
1503||50
1503||69
1503||70
1503||86
1504||93
1505||33
1505||69
1505||70
1505||86
1506||31
1506||32
1506||55
1506||69
1506||78
1506||89
1506||91
1507||3
1507||47
1507||58
1507||84
1508||32
1508||33
1509||33
1509||44
1509||47
1509||48
1509||86
150||33
150||47
150||60
1510||1
1510||17
1510||24
1510||3
1510||30
1510||73
1510||78
1511||32
1512||10
1512||12
1512||31
1512||32
1512||33
1512||40
1512||5
1512||60
1512||73
1513||11
1513||12
1513||23
1513||3
1513||32
1513||35
1513||41
1513||51
1513||52
1513||60
1513||61
1513||65
1513||73
1513||76
1513||78
1513||89
1513||9
1514||24
1514||32
1514||33
1514||43
1514||47
1514||77
1514||78
1515||14
1515||28
1516||27
1517||27
1518||1
1518||24
1518||32
1518||43
1519||11
1519||55
1519||60
1519||73
151||27
1520||29
1520||31
1520||32
1520||73
1521||14
1521||24
1521||29
1521||33
1521||52
1521||93
1522||29
1523||15
1523||32
1523||40
1523||60
1524||1
1524||12
1525||17
1525||31
1525||32
1525||33
1525||37
1525||40
1525||47
1525||55
1525||76
1525||78
1525||93
1526||1
1526||40
1526||52
1526||64
1527||29
1528||59
1528||75
1529||1
1529||32
1529||76
152||27
1530||14
1530||29
1531||32
1531||49
1531||5
1531||69
1532||10
1532||12
1533||29
1534||29
1535||24
1535||30
1535||32
1535||44
1535||69
1535||78
1536||27
1537||1
1537||24
1537||31
1537||32
1537||33
1537||46
1537||69
1537||73
1537||76
1537||89
1538||32
1538||52
1538||60
1539||32
1539||33
1539||89
153||61
1540||27
1541||29
1542||32
1542||33
1542||40
1542||42
1542||44
1542||47
1542||55
1542||76
1542||78
1542||89
1542||90
1542||91
1543||1
1543||32
1543||47
1543||52
1543||55
1543||56
1543||60
1543||64
1543||76
1544||31
1544||32
1544||33
1544||46
1544||93
1545||31
1545||32
1546||1
1546||11
1546||15
1546||32
1547||14
1547||29
1547||33
1547||40
1548||12
1548||14
1548||29
1548||32
1548||40
1548||76
1548||87
1549||14
1549||29
1549||33
1549||93
154||30
154||32
154||43
1550||11
1550||60
1550||73
1551||1
1551||24
1551||3
1551||32
1551||47
1552||27
1553||14
1553||69
1553||86
1554||29
1555||10
1555||11
1555||12
1555||24
1555||32
1555||43
1555||60
1555||63
1555||69
1555||76
1555||78
1556||27
1557||29
1557||31
1557||33
1557||73
1557||76
1557||93
1558||27
1558||72
1558||82
1559||17
1559||20
1559||23
1559||24
1559||3
1559||34
1559||37
1559||40
1559||60
1559||62
1559||83
1559||9
155||20
155||37
155||58
155||60
155||71
1560||29
1560||32
1560||40
1560||73
1561||27
1562||31
1562||32
1562||43
1562||47
1563||31
1563||32
1563||33
1563||40
1563||47
1563||55
1563||76
1563||78
1563||85
1564||32
1564||69
1564||78
1565||27
1565||28
1565||82
1566||29
1567||47
1567||56
1568||23
1568||3
1568||9
1569||11
1569||29
156||13
1570||32
1570||33
1570||55
1570||76
1570||89
1571||10
1571||12
1571||60
1572||14
1572||50
1572||69
1572||86
1573||1
1573||11
1573||12
1573||22
1573||24
1573||3
1573||32
1573||51
1573||73
1574||3
1575||12
1575||18
1575||19
1576||1
1576||17
1576||23
1576||24
1576||3
1576||30
1576||34
1576||36
1576||76
1576||9
1577||1
1577||12
1577||37
1577||40
1577||60
1578||14
1578||17
1578||24
1578||25
1578||27
1578||33
1578||50
1578||52
1578||69
1579||1
1579||16
1579||22
1579||36
1579||58
1579||60
1579||64
1579||81
157||27
1580||29
1581||20
1581||33
1581||45
1581||47
1581||48
1581||58
1581||60
1581||69
1581||71
1581||86
1582||25
1582||50
1582||69
1582||70
1583||40
1583||87
1584||44
1584||47
1584||58
1585||40
1586||32
1586||60
1587||3
1587||74
1588||40
1588||87
1588||88
1588||90
1589||32
1589||37
1589||38
1589||60
1589||62
1589||69
158||27
1590||11
1591||69
1591||89
1592||4
1592||47
1592||56
1593||24
1594||12
1594||40
1594||5
1595||17
1595||44
1595||45
1595||47
1595||51
1595||52
1595||69
1595||76
1595||78
1596||1
1596||31
1596||32
1596||33
1596||44
1596||55
1596||73
1597||3
1597||9
1598||17
1598||3
1598||37
1598||40
1598||55
1598||60
1598||84
1598||87
1598||9
1599||60
1599||74
159||27
159||28
15||1
15||14
15||17
15||33
15||34
15||43
15||47
15||48
15||52
15||56
15||63
15||64
15||69
15||71
15||74
15||78
15||89
1600||31
1600||32
1601||27
1601||28
1601||60
1601||82
1602||14
1602||33
1603||1
1603||24
1603||3
1603||45
1603||60
1604||10
1604||11
1604||12
1604||40
1604||47
1604||60
1604||87
1605||31
1605||32
1605||37
1605||40
1605||43
1605||76
1605||85
1605||87
1605||90
1606||27
1607||47
1607||55
1607||58
1607||63
1607||73
1608||32
1608||76
1608||78
1608||90
1608||91
1609||32
1609||55
1609||73
160||40
160||88
1610||14
1610||29
1610||33
1610||93
1611||12
1611||24
1612||32
1612||36
1612||40
1612||55
1612||58
1612||60
1612||78
1613||89
1614||32
1614||64
1614||69
1614||78
1614||89
1615||17
1615||3
1615||32
1615||34
1615||35
1615||37
1615||42
1615||71
1616||3
1616||4
1616||43
1616||5
1616||6
1616||92
1617||30
1617||76
1618||22
1618||27
1618||3
1618||30
1618||32
1618||33
1618||42
1618||43
1618||44
1618||47
1618||51
1618||69
1618||74
1618||76
1618||78
1618||86
1618||90
1619||29
161||14
161||29
161||33
1620||33
1620||34
1620||42
1620||47
1620||60
1620||69
1620||86
1620||89
1620||93
1621||31
1621||32
1621||56
1621||89
1622||5
1622||60
1622||9
1622||92
1623||17
1623||24
1623||32
1623||33
1623||47
1623||55
1623||58
1623||76
1623||93
1624||12
1624||32
1625||10
1626||22
1626||32
1626||42
1626||47
1626||69
1626||78
1626||89
1627||10
1627||12
1627||40
1627||5
1627||59
1627||60
1627||83
1627||92
1628||1
1628||32
1628||36
1628||5
1629||33
1629||7
162||27
1630||3
1631||29
1632||69
1632||89
1633||33
1633||52
1633||69
1633||93
1634||29
1635||3
1635||60
1635||62
1635||73
1636||10
1636||12
1636||18
1636||19
1636||40
1636||62
1637||1
1637||69
1638||40
1639||29
163||60
1640||88
1641||10
1641||18
1641||19
1642||27
1642||28
1642||82
1643||10
1643||11
1643||12
1643||18
1643||32
1643||60
1644||31
1644||32
1644||55
1644||56
1644||85
1645||1
1645||17
1645||24
1645||3
1645||45
1645||60
1645||73
1646||65
1647||11
1647||32
1647||47
1647||55
1647||59
1647||60
1647||83
1648||17
1648||3
1648||37
1648||40
1648||8
1649||1
1649||32
1649||60
164||27
1650||32
1650||69
1650||89
1650||91
1651||1
1651||10
1651||11
1651||17
1651||32
1651||40
1651||47
1651||56
1651||60
1651||64
1651||76
1651||78
1652||32
1652||33
1652||60
1653||17
1653||25
1653||32
1653||37
1653||42
1653||60
1653||78
1654||24
1654||32
1654||36
1654||5
1654||58
1654||78
1654||89
1655||14
1655||32
1655||33
1655||55
1655||76
1656||24
1656||31
1656||32
1656||76
1656||78
1657||40
1658||24
1658||30
1658||32
1658||43
1658||58
1658||64
1658||71
1658||76
1658||78
1659||12
1659||18
165||27
1660||43
1661||32
1661||49
1661||55
1662||32
1662||49
1662||5
1662||74
1663||14
1663||29
1664||3
1664||47
1664||48
1664||71
1664||9
1665||32
1666||31
1666||32
1666||33
1667||27
1668||29
1669||29
166||29
1670||2
1670||29
1670||43
1670||9
1670||93
1671||31
1671||32
1671||40
1671||55
1671||56
1671||85
1671||87
1671||89
1672||73
1673||32
1673||69
1673||76
1674||32
1674||33
1674||47
1675||14
1675||25
1675||29
1675||33
1676||27
1677||27
1677||29
1678||14
1678||29
1678||31
1678||32
1678||33
1678||43
1678||55
1679||29
167||29
1680||17
1680||24
1680||3
1680||32
1680||35
1680||51
1680||63
1680||73
1680||78
1681||73
1682||25
1682||31
1682||32
1682||47
1683||27
1684||60
1684||66
1685||14
1686||27
1687||11
1687||2
1687||3
1687||32
1687||45
1687||47
1687||48
1687||5
1687||50
1687||52
1687||58
1687||60
1687||69
1687||76
1687||78
1687||81
1687||86
1687||89
1687||91
1687||92
1688||15
1689||32
1689||69
168||27
1690||32
1691||32
1691||47
1691||69
1691||78
1691||91
1692||1
1692||24
1692||3
1692||32
1692||34
1692||42
1692||51
1692||63
1692||76
1693||32
1693||76
1694||11
1694||32
1694||5
1694||55
1694||78
1695||35
1695||71
1695||76
1696||24
1696||34
1696||37
1696||60
1697||1
1697||10
1697||13
1697||24
1697||3
1697||32
1697||45
1697||51
1697||58
1697||60
1697||62
1697||64
1697||71
1697||78
1698||59
1698||60
1698||83
1699||29
1699||33
1699||89
169||12
169||18
169||40
169||47
169||5
169||60
16||27
1700||1
1700||11
1700||63
1701||18
1701||19
1701||5
1702||29
1703||32
1704||40
1704||88
1705||27
1706||11
1706||24
1706||32
1706||52
1706||56
1706||60
1706||69
1706||78
1706||86
1706||89
1707||14
1708||24
1708||32
1708||40
1708||46
1708||47
1708||55
1708||63
1708||78
1708||79
1709||1
1709||10
1709||12
1709||17
1709||20
1709||3
1709||32
1709||4
1709||40
1709||47
1709||58
1709||59
1709||60
1709||83
170||29
1710||27
1711||15
1711||3
1711||9
1711||92
1712||11
1712||3
1712||32
1712||43
1712||47
1712||55
1713||1
1713||31
1713||32
1713||34
1713||60
1713||64
1713||73
1713||76
1713||77
1713||90
1714||32
1714||91
1715||27
1715||28
1715||82
1716||31
1716||32
1717||26
1717||27
1717||34
1717||47
1717||58
1718||17
1718||23
1718||24
1718||3
1718||32
1718||33
1718||35
1718||37
1718||43
1718||47
1718||51
1718||60
1718||63
1718||64
1718||76
1718||78
1719||25
171||27
1720||17
1720||37
1720||40
1720||42
1720||60
1720||88
1721||11
1721||12
1721||32
1721||73
1722||31
1722||32
1722||73
1723||32
1723||69
1723||76
1723||89
1724||11
1724||42
1724||55
1724||64
1724||71
1724||77
1724||78
1724||89
1725||13
1726||27
1727||17
1727||3
1727||32
1727||40
1727||76
1727||78
1728||14
1728||33
1728||93
1729||33
1729||47
1729||56
172||27
1730||29
1731||32
1731||63
1731||69
1731||76
1732||1
1732||60
1732||69
1732||73
1732||91
1733||14
1733||29
1733||33
1733||93
1734||27
1734||28
1735||60
1736||31
1736||32
1736||40
1736||47
1736||49
1736||85
1737||1
1737||11
1737||17
1737||24
1737||32
1737||55
1737||60
1737||63
1737||69
1737||78
1738||1
1738||32
1739||27
173||20
173||21
173||60
173||69
1740||12
1740||40
1740||63
1740||64
1741||17
1741||24
1741||3
1741||33
1741||48
1741||50
1741||58
1741||60
1741||63
1742||27
1743||27
1744||11
1744||22
1744||55
1744||69
1745||29
1746||11
1746||31
1746||32
1746||43
1746||5
1746||55
1746||73
1746||87
1746||92
1747||32
1747||35
1747||51
1747||60
1747||63
1747||71
1747||73
1748||14
1748||29
1748||31
1748||64
1748||69
1748||70
1748||86
1749||88
174||27
1750||11
1751||29
1752||32
1752||40
1752||47
1752||63
1752||78
1752||87
1753||13
1753||27
1754||14
1754||29
1755||31
1755||32
1755||33
1755||73
1755||76
1756||22
1756||36
1756||81
1757||27
1757||73
1758||23
1758||3
1758||40
1758||9
1759||26
1759||3
1759||34
1759||37
1759||60
1759||73
1759||84
175||27
1760||1
1760||32
1760||47
1760||56
1761||10
1761||32
1761||91
1762||14
1762||29
1762||93
1763||17
1763||3
1763||37
1763||90
1764||26
1764||32
1764||35
1764||52
1764||69
1764||76
1764||89
1765||55
1765||91
1766||27
1767||31
1767||32
1767||33
1768||10
1768||12
1769||29
176||27
1770||27
1771||27
1772||40
1772||47
1772||58
1772||60
1773||27
1774||14
1774||29
1774||33
1774||4
1774||47
1774||56
1774||93
1775||31
1775||32
1776||43
1776||47
1777||17
1777||32
1777||52
1777||58
1777||60
1777||78
1778||31
1778||32
1778||4
1778||73
1779||24
1779||33
1779||69
177||27
177||28
1780||40
1780||60
1781||31
1781||40
1781||44
1781||47
1781||5
1781||56
1781||92
1782||14
1782||29
1782||33
1782||89
1782||93
1783||27
1783||40
1784||24
1784||25
1784||3
1784||32
1784||47
1785||59
1785||60
1785||83
1786||59
1786||60
1787||60
1788||89
1789||60
1789||62
178||10
178||15
178||55
178||73
1790||14
1790||29
1791||12
1791||40
1791||60
1791||65
1791||66
1792||14
1792||29
1793||3
1793||32
1793||62
1793||78
1794||13
1795||60
1796||3
1796||36
1796||47
1796||63
1796||76
1797||1
1797||17
1797||24
1797||3
1797||32
1797||63
1797||73
1797||78
1797||86
1798||14
1798||20
1798||32
1798||33
1798||36
1798||60
1798||69
1798||86
1799||32
1799||48
1799||49
1799||60
1799||69
1799||76
1799||78
1799||89
179||27
17||27
1800||40
1801||14
1801||18
1801||29
1801||43
1801||45
1801||60
1802||1
1802||17
1802||32
1802||42
1802||50
1802||69
1802||78
1803||29
1804||32
1804||73
1804||91
1805||32
1806||31
1806||32
1806||40
1806||55
1806||60
1807||40
1807||59
1807||60
1807||83
1808||3
1808||32
1808||69
1809||3
1809||32
1809||33
1809||35
1809||36
1809||76
1809||81
180||33
180||50
180||69
180||86
1810||32
1811||24
1811||33
1811||52
1811||63
1811||86
1812||38
1812||62
1812||63
1812||73
1813||11
1813||2
1813||32
1813||43
1813||55
1814||40
1815||15
1815||37
1815||40
1815||58
1815||87
1815||90
1816||11
1816||15
1816||57
1816||58
1816||60
1816||62
1816||65
1816||68
1817||32
1818||33
1818||50
1818||69
1818||86
1819||17
1819||29
1819||38
1819||44
1819||47
1819||52
1819||58
1819||69
1819||86
1819||89
181||27
1820||28
1821||29
1822||60
1822||82
1823||14
1823||17
1823||29
1823||33
1823||44
1823||48
1823||50
1823||52
1823||54
1823||59
1823||60
1823||69
1823||86
1824||27
1825||33
1825||55
1825||69
1825||78
1825||89
1825||93
1826||27
1826||28
1827||35
1827||37
1827||40
1827||47
1827||58
1827||60
1827||71
1828||14
1828||29
1828||32
1828||35
1828||40
1828||47
1828||55
1828||57
1828||59
1828||60
1828||69
1828||83
1829||33
1829||39
1829||47
1829||56
182||23
182||24
182||3
182||30
182||32
182||58
182||64
182||78
1830||27
1831||3
1831||32
1831||33
1831||36
1831||40
1831||5
1831||55
1831||60
1831||73
1832||29
1832||32
1832||33
1832||40
1832||47
1832||76
1833||32
1833||40
1833||5
1833||52
1833||60
1834||27
1835||37
1835||88
1836||1
1836||15
1836||17
1836||24
1836||3
1836||32
1836||47
1837||29
1838||1
1838||32
1838||33
1838||7
1838||74
1839||32
183||27
1840||3
1840||32
1840||35
1840||36
1840||50
1840||52
1840||60
1840||69
1841||15
1841||43
1841||47
1841||63
1842||27
1842||74
1843||15
1843||24
1843||31
1843||32
1843||33
1843||58
1843||69
1844||13
1845||27
1846||3
1846||69
1846||78
1846||89
1847||32
1847||33
1847||70
1847||76
1847||86
1848||29
1848||33
1849||3
1849||37
1849||47
1849||51
1849||58
1849||8
1849||84
184||60
1850||14
1850||32
1850||33
1850||69
1850||76
1850||78
1850||86
1850||89
1850||92
1850||93
1851||33
1851||60
1852||11
1852||17
1852||24
1852||3
1852||32
1852||33
1852||43
1852||46
1852||47
1852||52
1852||55
1852||58
1852||60
1852||69
1852||76
1852||78
1852||89
1852||91
1853||1
1853||17
1853||69
1854||14
1854||25
1854||29
1854||3
1854||31
1854||32
1854||33
1854||4
1854||44
1854||46
1854||47
1854||55
1854||60
1854||69
1854||73
1854||78
1854||89
1854||93
1855||60
1856||31
1856||32
1856||33
1856||40
1856||49
1856||52
1856||55
1856||69
1856||85
1856||91
1856||93
1857||10
1858||32
1858||60
1859||12
1859||60
1859||65
185||27
185||28
1860||30
1860||31
1860||32
1860||42
1860||49
1860||52
1860||55
1860||69
1860||78
1860||89
1861||32
1861||40
1861||5
1861||76
1861||92
1862||2
1862||40
1862||43
1862||47
1863||69
1863||7
1864||60
1865||32
1865||49
1865||55
1865||60
1865||69
1865||89
1866||11
1866||32
1866||55
1866||78
1866||89
1867||31
1867||32
1867||33
1867||44
1867||55
1867||76
1868||11
1868||12
1869||24
1869||32
186||27
1870||33
1871||1
1871||93
1872||17
1872||29
1872||32
1872||33
1872||60
1873||60
1874||33
1874||60
1875||29
1876||43
1877||72
1878||3
1878||9
1879||27
1879||72
187||27
1880||14
1880||29
1880||32
1880||33
1881||72
1882||27
1883||14
1883||29
1883||33
1883||93
1884||27
1885||16
1885||3
1885||44
1885||50
1885||58
1885||60
1885||69
1885||76
1885||86
1885||93
1886||29
1887||32
1887||85
1887||89
1888||27
1889||27
1889||29
1889||33
188||18
1890||72
1891||12
1891||59
1891||66
1891||83
1892||14
1892||24
1892||29
1892||3
1892||48
1892||64
1892||69
1892||86
1893||15
1894||72
1895||27
1896||27
1897||29
1898||60
1899||14
1899||29
1899||33
1899||93
189||3
18||27
18||28
1900||72
1901||9
1902||27
1902||28
1902||82
1903||13
1904||27
1904||28
1905||27
1905||28
1905||82
1906||27
1906||28
1907||11
1907||14
1907||2
1907||24
1907||29
1907||32
1907||33
1907||43
1907||63
1908||27
1909||14
1909||24
1909||25
1909||33
1909||50
1909||52
1909||58
1909||60
1909||69
1909||86
190||14
190||29
1910||68
1911||27
1912||60
1912||61
1912||72
1913||1
1913||3
1913||32
1913||43
1913||52
1913||60
1913||69
1913||78
1914||72
1915||60
1916||2
1916||33
1916||4
1916||50
1916||60
1916||69
1917||27
1918||28
1919||1
1919||17
1919||33
1919||52
1919||60
1919||73
191||29
1920||60
1921||60
1921||73
1922||72
1923||11
1923||23
1923||3
1923||32
1923||33
1923||36
1923||40
1923||69
1923||76
1923||9
1924||60
1925||29
1926||7
1926||78
1926||86
1927||14
1927||29
1928||10
1928||12
1928||60
1929||12
1929||13
1929||40
1929||60
192||27
1930||29
1931||27
1931||28
1931||82
1932||27
1933||27
1934||18
1935||12
1936||17
1936||3
1936||32
1936||35
1936||44
1936||76
1937||10
1937||12
1938||13
1939||11
1939||12
1939||32
193||27
193||28
1940||11
1940||12
1940||43
1940||47
1941||14
1941||22
1941||29
1941||33
1941||64
1941||69
1941||86
1941||89
1942||11
1943||62
1943||63
1944||40
1944||43
1944||55
1945||33
1946||24
1946||33
1946||44
1946||50
1946||52
1946||69
1946||86
1947||3
1947||31
1947||32
1947||50
1947||55
1947||60
1947||69
1947||78
1947||86
1947||9
1948||11
1948||32
1949||11
1949||33
194||29
1950||10
1950||12
1950||54
1951||11
1951||43
1951||44
1951||93
1952||10
1952||12
1952||18
1952||40
1952||59
1952||60
1952||67
1952||83
1953||29
1954||12
1954||48
1954||60
1954||65
1954||86
1955||18
1956||14
1956||29
1956||33
1957||1
1957||29
1957||33
1957||35
1957||47
1957||52
1957||58
1957||86
1958||11
1958||43
1958||55
1959||14
1959||29
1959||33
1959||93
195||32
195||78
1960||33
1960||60
1961||29
1962||13
1962||27
1963||11
1963||12
1963||60
1963||66
1964||14
1964||27
1964||29
1965||29
1966||11
1966||32
1966||69
1966||78
1967||27
1968||27
1968||28
1968||72
1969||27
196||27
196||28
1970||11
1970||29
1970||32
1970||40
1970||43
1971||27
1972||15
1972||25
1972||60
1972||64
1972||69
1972||73
1972||82
1973||27
1974||12
1974||18
1974||19
1975||12
1975||60
1976||27
1977||1
1977||10
1977||11
1977||12
1977||67
1978||11
1978||12
1978||32
1978||33
1978||43
1978||47
1978||52
1978||60
1978||69
1979||27
197||27
1980||27
1981||3
1981||57
1981||59
1981||60
1982||27
1983||10
1983||11
1983||32
1983||60
1984||13
1985||27
1986||10
1986||12
1986||60
1986||65
1987||18
1988||12
1989||12
1989||27
1989||40
1989||59
1989||60
1989||65
198||27
198||28
1990||12
1991||27
1992||1
1992||24
1992||3
1992||32
1992||44
1992||47
1992||64
1992||78
1993||14
1993||29
1994||12
1994||18
1995||74
1996||10
1996||12
1997||18
1997||19
1997||40
1997||5
1997||67
1998||10
1998||11
1998||12
1998||18
1998||19
1999||32
1999||76
1999||78
199||50
199||69
199||82
199||86
19||1
19||14
19||29
19||56
19||73
19||93
1||14
2000||10
2001||14
2001||24
2001||4
2001||56
2001||89
2002||23
2002||40
2003||27
2004||27
2005||14
2005||29
2005||33
2005||93
2006||14
2006||29
2007||18
2007||24
2007||40
2007||50
2007||69
2008||12
2009||14
2009||29
2009||33
200||72
2010||27
2011||27
2012||27
2012||28
2012||29
2012||72
2013||10
2013||11
2013||12
2013||32
2013||60
2014||10
2014||12
2014||18
2014||19
2015||27
2016||11
2016||54
2017||12
2018||27
2019||60
2019||66
201||1
201||10
201||12
201||24
2020||11
2021||27
2022||11
2022||12
2022||18
2022||19
2023||29
2023||33
2024||12
2025||3
2025||32
2025||36
2025||5
2025||52
2025||81
2025||92
2026||32
2026||52
2026||60
2027||27
2027||28
2028||18
2028||5
2028||68
2029||27
2029||28
2029||72
2029||82
202||1
202||22
202||24
202||36
202||5
2030||29
2031||72
2032||29
2032||33
2033||29
2034||12
2035||10
2035||11
2035||12
2035||32
2035||54
2035||60
2036||27
2037||10
2037||12
2037||18
2037||19
2037||40
2037||5
2038||11
2038||12
2038||59
2038||60
2039||27
203||27
2040||10
2040||11
2040||12
2040||67
2041||1
2041||4
2041||5
2041||7
2042||27
2043||29
2044||10
2044||11
2044||12
2045||10
2045||12
2045||60
2046||27
2047||52
2047||60
2048||27
2048||28
2048||72
2048||82
2049||17
2049||24
2049||3
2049||60
2049||82
204||74
2050||3
2050||32
2050||34
2050||44
2050||52
2050||69
2050||78
2050||86
2051||10
2051||12
2051||17
2051||18
2051||3
2051||35
2051||40
2051||43
2051||45
2051||47
2051||48
2051||52
2051||55
2051||58
2051||60
2051||71
2051||86
2052||27
2053||27
2053||28
2053||82
2054||24
2054||32
2055||40
2056||27
2057||27
2058||17
2058||31
2058||32
2058||33
2058||44
2058||78
2059||10
2059||11
2059||12
205||27
2060||32
2060||40
2060||5
2061||27
2062||11
2062||12
2062||59
2062||60
2063||11
2063||32
2063||33
2063||46
2063||55
2063||69
2063||76
2063||78
2064||27
2064||28
2065||60
2066||10
2066||12
2066||18
2067||14
2067||29
2068||11
2068||12
2068||33
2068||60
2069||11
206||29
2070||27
2070||28
2071||22
2071||60
2071||62
2071||63
2071||69
2071||73
2071||9
2072||10
2072||12
2072||13
2073||11
2073||2
2073||55
2073||58
2074||10
2074||12
2075||27
2076||10
2076||12
2076||18
2076||40
2077||27
2078||11
2079||11
2079||31
2079||32
2079||60
2079||73
207||27
2080||27
2081||27
2082||10
2082||12
2082||18
2083||12
2083||18
2083||19
2083||23
2083||3
2083||32
2083||40
2083||60
2083||9
2084||27
2085||13
2086||10
2086||11
2086||12
2087||14
2087||29
2088||11
2088||12
2088||60
2089||29
208||27
208||28
2090||27
2091||27
2092||25
2092||37
2092||42
2092||9
2093||10
2093||12
2093||18
2093||40
2093||60
2094||27
2095||11
2095||12
2095||60
2096||11
2096||2
2096||32
2097||32
2098||27
2098||28
2099||3
2099||33
209||27
209||29
20||27
2100||27
2100||32
2100||33
2101||10
2101||11
2101||12
2102||11
2102||12
2102||33
2102||52
2102||60
2103||27
2104||55
2105||10
2105||12
2105||13
2105||18
2106||27
2107||11
2107||12
2108||11
2109||12
2109||18
2109||32
2109||60
2109||67
210||27
2110||27
2111||15
2111||32
2111||40
2111||47
2111||55
2111||58
2111||60
2111||76
2111||78
2111||90
2112||10
2113||1
2113||11
2113||32
2113||40
2113||60
2113||63
2113||73
2114||27
2115||27
2115||28
2115||82
2116||29
2116||32
2116||73
2117||73
2118||27
2119||29
211||14
211||29
2120||55
2121||1
2121||24
2121||3
2121||30
2121||32
2121||34
2121||36
2121||47
2121||50
2122||27
2123||14
2123||29
2124||29
2125||27
2126||73
2127||27
2127||28
2127||60
2128||72
2129||27
212||23
212||3
212||32
212||36
212||47
212||52
212||58
212||60
212||63
212||71
212||73
212||82
2130||27
2131||52
2132||14
2132||29
2133||25
2133||3
2133||33
2133||44
2133||47
2133||56
2133||93
2134||11
2135||27
2136||14
2136||29
2136||33
2137||29
2138||27
2138||28
2139||29
213||27
2140||27
2141||1
2141||43
2141||44
2141||45
2141||47
2141||56
2141||60
2142||27
2143||14
2143||29
2143||33
2144||11
2144||14
2144||2
2144||29
2144||63
2144||93
2145||27
2145||28
2146||27
2147||1
2147||2
2147||22
2147||29
2147||32
2147||36
2147||52
2147||56
2147||70
2147||81
2148||27
2149||27
2149||28
214||1
214||11
214||17
214||3
214||33
214||47
2150||74
2151||11
2151||15
2151||43
2152||27
2152||82
2153||29
2154||27
2155||27
2155||28
2156||27
2157||27
2158||29
2159||29
215||3
215||32
215||52
215||59
215||60
215||74
215||83
2160||27
2160||28
2161||28
2162||27
2162||28
2163||14
2163||29
2163||32
2163||43
2163||78
2164||11
2164||44
2164||69
2164||89
2165||29
2166||29
2167||27
2168||12
2168||18
2169||29
216||27
2170||27
2171||29
2172||27
2173||27
2174||27
2175||27
2176||29
2177||14
2177||29
2177||33
2178||27
2179||27
2179||28
217||24
217||27
217||28
217||3
217||32
217||60
217||73
217||83
2180||27
2180||82
2181||27
2182||27
2183||29
2184||27
2185||27
2185||28
2186||29
2187||14
2187||29
2187||33
2187||88
2188||72
2189||29
218||27
2190||27
2191||27
2191||28
2192||1
2192||24
2192||27
2192||60
2193||29
2194||27
2195||27
2196||27
2196||28
2197||27
2198||14
2198||29
2198||33
2199||29
219||29
21||11
21||12
2200||27
2200||28
2201||27
2202||27
2202||28
2203||31
2203||32
2203||43
2203||46
2204||82
2205||29
2206||29
2207||29
2208||11
2208||33
2208||43
2208||50
2208||58
2208||64
2208||69
2208||86
2209||27
2209||82
220||27
2210||72
2211||27
2212||29
2213||3
2213||32
2213||43
2213||63
2213||69
2213||76
2214||29
2215||27
2216||40
2216||43
2216||47
2216||60
2217||29
2218||27
2219||14
2219||29
221||27
2220||27
2221||29
2222||32
2222||60
2223||29
2224||27
2224||28
2224||82
2225||10
2225||12
2225||13
2225||14
2225||27
2225||29
2226||29
2227||12
2227||18
2227||68
2228||60
2228||62
2229||29
2229||33
222||27
2230||10
2230||24
2230||3
2230||32
2230||33
2231||29
2232||13
2233||81
2233||92
2234||40
2234||47
2234||56
2235||60
2236||50
2236||52
2237||17
2237||29
2237||3
2237||32
2237||33
2237||78
2238||15
2238||40
2238||60
2239||27
223||27
223||28
2240||32
2240||58
2240||78
2240||9
2241||10
2241||11
2241||12
2241||17
2241||32
2241||60
2241||76
2242||29
2243||29
2243||3
2243||32
2243||33
2243||47
2243||51
2243||52
2243||60
2243||78
2244||29
2245||29
2246||17
2246||24
2246||3
2246||30
2246||32
2246||36
2246||47
2246||76
2246||93
2247||23
2247||3
2247||9
2248||27
2248||29
2249||31
2249||32
2249||33
2249||43
2249||44
2249||46
2249||58
2249||76
2249||78
2249||93
224||29
2250||32
2250||69
2251||29
2251||32
2251||60
2252||60
2253||29
2253||69
2254||14
2254||29
2254||31
2254||33
2255||5
2255||92
2256||73
2257||27
2258||14
2258||24
2258||29
2258||31
2258||32
2258||33
2258||47
2259||1
2259||24
2259||27
2259||33
2259||45
2259||52
2259||57
2259||60
2259||61
2259||69
2259||70
2259||86
225||27
225||82
2260||14
2260||24
2260||27
2260||29
2260||3
2260||33
2260||52
2260||57
2260||60
2260||73
2260||89
2261||12
2261||14
2261||29
2261||33
2261||43
2261||93
2262||22
2262||3
2262||44
2262||52
2262||69
2262||70
2262||78
2263||20
2263||3
2263||48
2263||52
2263||60
2264||60
2264||73
2265||17
2265||37
2265||59
2265||83
2266||12
2266||29
2266||33
2266||60
2267||11
2267||33
2267||52
2267||69
2268||10
2268||12
2268||31
2268||32
2268||5
2268||60
2269||27
226||27
2270||32
2270||43
2270||47
2270||63
2271||13
2272||33
2272||48
2272||52
2272||73
2273||29
2274||17
2274||20
2274||24
2274||33
2274||37
2274||51
2274||69
2274||73
2274||78
2275||29
2276||1
2276||17
2276||24
2276||3
2276||30
2276||32
2276||46
2276||47
2276||60
2276||73
2276||78
2277||27
2278||27
2278||28
2279||32
2279||52
2279||60
2279||69
2279||73
2279||89
227||27
227||28
227||29
227||32
2280||17
2280||3
2281||32
2281||60
2282||38
2283||15
2283||40
2283||43
2283||47
2283||90
2284||72
2285||11
2285||32
2286||27
2287||27
2287||32
2287||33
2287||47
2287||53
2287||57
2287||60
2287||73
2287||75
2287||76
2287||78
2287||93
2288||32
2288||63
2288||69
2288||78
2289||27
228||20
228||24
228||33
228||35
228||42
228||47
228||60
228||71
228||74
228||86
228||89
2290||3
2290||47
2290||52
2290||58
2291||60
2292||11
2292||12
2293||60
2293||68
2294||29
2295||40
2296||17
2296||20
2296||3
2296||37
2296||60
2297||27
2298||13
2299||13
2299||27
2299||50
2299||69
2299||86
229||27
229||28
22||27
2300||27
2301||17
2301||18
2301||19
2301||3
2301||38
2301||66
2302||29
2302||32
2302||33
2302||73
2303||14
2303||29
2303||33
2303||60
2303||69
2303||89
2304||29
2304||32
2304||33
2304||69
2304||76
2304||89
2305||29
2306||14
2306||29
2306||33
2306||47
2306||60
2306||69
2306||71
2307||12
2307||17
2307||3
2307||60
2308||27
2308||28
2309||13
230||27
2310||14
2310||27
2310||29
2310||69
2310||89
2310||93
2311||11
2311||31
2311||32
2312||31
2312||32
2312||40
2313||27
2313||28
2314||29
2314||33
2314||43
2314||52
2314||69
2314||78
2315||17
2315||23
2315||25
2315||3
2315||40
2315||88
2315||90
2316||13
2317||17
2317||3
2317||32
2317||37
2317||40
2317||60
2317||73
2317||78
2317||88
2318||29
2318||31
2318||32
2318||73
2319||24
2319||3
2319||32
2319||46
2319||47
2319||60
2319||76
2319||78
231||29
2320||17
2320||60
2320||62
2321||60
2322||13
232||27
233||25
233||29
233||3
233||33
233||4
233||43
233||73
233||93
234||27
234||28
235||27
236||32
236||60
237||27
238||27
239||27
23||32
23||44
240||27
241||27
242||27
243||27
244||27
245||27
245||28
246||27
247||14
247||29
248||27
249||27
24||64
24||69
24||89
250||27
250||28
251||27
251||28
251||82
252||27
253||29
254||27
255||29
256||27
257||27
257||28
258||27
258||82
259||27
25||55
260||13
261||28
262||27
263||27
264||14
264||56
264||60
265||27
265||28
266||25
266||3
266||48
267||27
268||1
268||14
268||15
268||22
268||27
268||28
268||3
268||32
268||33
268||40
268||47
268||56
268||60
268||70
268||89
268||93
269||27
26||27
26||73
270||27
271||27
271||28
272||14
272||29
272||33
272||93
273||27
274||1
274||11
274||23
274||3
274||33
274||47
274||50
274||58
274||69
274||76
275||24
275||25
275||60
275||73
275||74
275||82
276||54
276||60
276||65
277||27
278||1
278||40
278||44
278||47
278||56
278||60
279||29
27||33
280||27
281||22
282||28
283||27
284||27
285||27
286||27
287||27
288||27
288||28
2897||32
2897||52
2897||60
2898||24
2898||31
2898||32
2898||33
2898||40
2898||46
2898||49
2898||58
2898||78
2899||29
2899||32
2899||40
2899||44
2899||78
2899||89
289||56
28||23
28||24
28||3
28||32
28||34
28||40
28||44
28||46
28||47
28||76
2900||11
2900||43
2900||64
2900||69
2901||42
2901||76
2901||78
2901||79
2901||89
2902||3
2902||59
2902||83
2902||9
2903||88
2903||9
2904||11
2904||2
2904||29
2904||69
2904||78
2905||24
2905||33
2905||93
2906||69
2906||85
2907||47
2907||55
2908||3
2908||60
2908||9
2909||14
2909||29
290||27
2910||22
2910||91
2911||10
2911||50
2911||89
2912||15
2912||40
2913||60
2913||83
2914||60
2915||32
2915||69
2916||60
2917||32
2917||49
2917||55
2917||69
2917||91
2918||27
2919||40
291||27
2920||1
2920||17
2920||3
2920||30
2920||34
2920||69
2921||29
2922||32
2922||76
2923||32
2923||40
2924||24
2924||3
2924||35
2924||37
2924||70
2925||26
2925||47
2925||8
2926||40
2927||31
2927||32
2927||40
2927||47
2927||74
2927||78
2928||10
2928||12
2928||24
2928||40
2928||56
2928||63
2929||51
2929||59
292||27
2930||17
2930||37
2930||73
2931||3
2931||35
2931||37
2931||56
2931||70
2932||1
2932||22
2932||24
2932||27
2932||33
2932||5
2932||92
2933||14
2933||29
2934||1
2934||32
2935||33
2935||86
2935||89
2936||32
2936||73
2937||1
2937||4
2937||46
2937||63
2937||73
2938||17
2938||3
2938||37
2938||42
2938||58
2938||88
2938||90
2939||17
2939||37
2939||59
2939||60
2939||64
293||27
2940||21
2940||3
2940||43
2941||10
2941||11
2942||23
2942||3
2942||88
2943||27
2943||33
2944||1
2944||33
2944||40
2944||58
2944||60
2945||11
2946||3
2947||3
2947||60
2948||14
2948||24
2948||29
2948||33
2948||69
2948||86
2949||11
2949||32
2949||33
2949||60
294||27
2950||60
2951||32
2952||17
2952||3
2952||30
2952||32
2952||41
2952||51
2952||63
2952||78
2953||30
2953||32
2953||36
2953||55
2953||78
2954||27
2955||15
2955||23
2956||10
2956||11
2957||27
2958||31
2958||32
2958||47
2958||55
2958||73
2959||27
295||27
2960||31
2960||55
2960||76
2961||14
2961||29
2961||33
2961||56
2961||93
2962||32
2963||40
2963||90
2964||60
2965||93
2966||11
2966||2
2967||1
2967||24
2967||32
2967||59
2967||60
2967||62
2967||83
2968||12
2968||55
2969||14
2969||29
296||27
2970||27
2971||31
2971||32
2971||40
2971||73
2972||10
2973||60
2974||14
2974||29
2974||33
2974||86
2975||18
2975||30
2975||36
2975||54
2975||57
2975||59
2975||60
2975||78
2975||83
2976||28
2977||58
2978||17
2978||25
2978||29
2978||32
2978||33
2978||34
2978||37
2978||47
2978||49
2978||55
2978||76
2978||85
2979||11
297||27
2980||73
2981||915
2982||15
2982||31
2982||32
2982||47
2982||76
2982||90
2982||93
2983||67
2984||31
2984||32
2984||49
2984||55
2984||69
2984||76
2984||89
2984||91
2985||16
2985||20
2985||3
2985||58
2985||63
2986||29
2987||15
2987||23
2987||3
2987||44
2987||45
2987||47
2987||55
2987||60
2987||8
2987||84
2988||32
2988||44
2988||46
2988||47
2988||52
2988||55
2988||60
2988||73
2988||76
2989||33
298||27
2990||11
2990||40
2990||55
2990||73
2990||76
2991||27
2992||22
2992||57
2992||59
2992||60
2993||32
2993||33
2993||73
2993||76
2993||91
2994||32
2994||47
2994||69
2994||76
2995||40
2996||60
2997||47
2997||58
2998||30
2998||33
2998||47
2998||5
2998||51
2998||63
2998||64
2998||70
2998||86
2998||92
2999||31
2999||32
2999||33
299||14
299||29
299||33
29||28
2||9
3000||14
3000||29
3001||32
3001||55
3001||69
3001||76
3002||30
3002||31
3002||32
3002||4
3002||76
3002||78
3003||24
3003||3
3003||39
3003||40
3003||47
3003||50
3003||52
3003||56
3003||60
3003||69
3003||71
3003||86
3004||1
3004||49
3005||14
3005||33
3005||52
3006||17
3006||26
3006||43
3006||46
3007||10
3007||32
3007||60
3007||88
3008||1
3008||17
3008||26
3008||58
3008||59
3008||60
3008||63
3008||73
3008||83
3009||1
3009||17
3009||24
3009||25
3009||3
3009||51
3009||60
3009||73
300||27
3010||29
3010||32
3010||52
3010||69
3010||76
3010||89
3010||93
3011||32
3011||33
3011||40
3011||46
3011||47
3011||55
3011||60
3011||71
3011||76
3011||87
3011||91
3012||27
3013||69
3013||76
3014||10
3014||37
3014||38
3014||47
3014||49
3014||50
3014||62
3014||64
3014||73
3014||76
3014||85
3014||89
3014||90
3015||32
3015||60
3016||3
3017||28
3018||29
3019||17
3019||24
3019||3
301||27
3020||24
3020||69
3020||86
3021||29
3022||24
3022||50
3022||69
3022||70
3022||86
3023||55
3023||76
3023||91
3024||32
3024||50
3024||69
3025||3
3025||35
3025||60
3025||73
3025||9
3026||1
3026||17
3026||25
3026||3
3026||32
3026||35
3026||43
3026||45
3027||49
3028||1
3028||32
3028||33
3029||10
3029||12
3029||32
3029||38
3029||40
3029||62
302||24
302||27
302||52
302||70
3030||20
3030||49
3030||60
3030||73
3030||76
3031||11
3031||14
3031||29
3031||32
3031||33
3031||43
3031||52
3031||55
3031||69
3031||76
3031||78
3032||11
3032||2
3032||3
3032||31
3032||33
3032||38
3032||43
3032||60
3032||76
3032||92
3033||24
3033||36
3034||82
3035||20
3035||62
3036||71
3036||90
3037||2
3037||38
3037||49
3037||62
3037||63
3037||69
3037||84
3037||91
3038||31
3038||32
3038||55
3038||90
3039||48
3039||69
3039||86
303||24
303||32
303||35
303||36
303||37
303||45
303||51
303||58
303||63
303||64
303||71
303||84
3040||29
3041||3
3041||37
3041||40
3042||50
3042||69
3042||86
3043||1
3043||14
3043||24
3043||29
3043||3
3043||5
3043||92
3044||1
3044||17
3044||26
3044||3
3044||40
3044||9
3045||1
3045||17
3045||20
3045||21
3045||24
3045||3
3045||32
3045||35
3045||37
3045||42
3045||59
3045||60
3045||83
3046||27
3047||27
3047||73
3047||82
3048||32
3048||37
3048||42
3048||49
3048||55
3048||85
3048||9
3049||14
3049||24
3049||29
3049||33
3049||93
304||27
304||28
304||82
3050||13
3050||27
3051||31
3052||31
3052||32
3052||63
3052||78
3053||31
3053||32
3053||40
3053||43
3053||47
3053||55
3053||56
3054||23
3054||3
3054||9
3055||29
3055||91
3056||10
3056||12
3056||32
3056||40
3056||60
3057||11
3057||55
3057||76
3058||24
3058||29
3058||31
3058||32
3058||73
3058||93
3059||40
3059||87
305||52
305||86
3060||14
3060||29
3060||33
3061||82
3062||27
3063||1
3063||24
3063||3
3063||30
3063||32
3063||35
3063||42
3063||63
3063||76
3064||14
3064||29
3065||34
3065||47
3065||58
3066||14
3066||29
3066||33
3066||93
3067||3
3067||30
3067||32
3068||20
3068||60
3069||40
3069||87
306||27
306||29
3070||27
3070||28
3070||82
3071||1
3071||22
3071||3
3071||92
3072||1
3072||24
3072||32
3072||43
3073||58
3074||40
3075||74
3076||1
3076||20
3076||37
3076||38
3076||42
3076||57
3077||49
3078||27
3078||28
3079||27
307||17
307||33
307||40
307||52
307||60
307||64
307||73
3080||29
3081||20
3081||3
3081||36
3081||50
3081||60
3081||69
3081||76
3081||86
3081||89
3082||49
3083||14
3083||33
3084||14
3084||15
3084||31
3084||32
3084||33
3084||52
3084||69
3084||76
3085||24
3085||32
3086||10
3086||32
3086||33
3086||43
3086||47
3086||55
3086||63
3087||29
3088||17
3088||32
3088||40
3088||47
3088||52
3088||55
3088||58
3088||76
3088||89
3089||27
3089||28
3089||82
308||27
3090||93
3091||60
3092||31
3092||32
3092||76
3093||1
3093||60
3093||73
3094||89
3095||14
3095||33
3095||40
3095||47
3095||48
3095||5
3095||7
3095||78
3096||47
3096||58
3097||11
3097||32
3097||5
3097||73
3097||92
3098||10
3098||14
3098||26
3098||32
3098||33
3098||69
3098||73
3098||78
3098||93
3099||32
3099||49
309||27
30||27
30||28
3100||1
3100||32
3100||44
3101||27
3102||49
3103||29
3104||32
3104||33
3105||1
3105||32
3105||33
3105||46
3105||73
3105||76
3105||78
3105||86
3105||89
3106||27
3107||1
3107||22
3107||24
3107||3
3107||33
3107||5
3107||60
3107||92
3108||31
3108||49
3108||69
3108||78
3109||69
310||27
310||28
310||82
3110||10
3111||12
3112||32
3112||40
3113||44
3113||47
3113||55
3114||1
3114||22
3114||3
3114||32
3114||33
3114||36
3114||48
3114||52
3114||69
3114||70
3115||40
3115||60
3116||40
3116||87
3117||44
3117||47
3117||55
3117||58
3117||63
3118||61
3119||35
3119||55
3119||71
3119||78
311||27
3120||27
3121||27
3121||60
3121||73
3121||82
3122||27
3122||47
3122||82
3123||1
3123||24
3123||3
3123||32
3124||14
3124||56
3124||93
3125||17
3125||24
3125||32
3125||46
3125||78
3125||86
3126||32
3126||59
3126||60
3126||62
3126||63
3126||64
3126||69
3126||78
3126||83
3127||50
3127||58
3128||1
3128||17
3128||52
3128||62
3129||27
3129||29
312||24
312||4
312||89
312||93
3130||29
3131||10
3131||11
3131||55
3132||40
3133||27
3133||28
3133||82
3134||33
3134||5
3134||69
3134||92
3135||60
3136||29
3137||3
3137||31
3137||32
3137||40
3137||55
3137||58
3137||60
3137||87
3137||9
3138||54
3139||1
3139||17
3139||3
3139||60
313||29
3140||11
3140||60
3140||69
3140||89
3141||27
3142||1
3142||2
3142||69
3142||89
3142||9
3143||10
3143||55
3143||73
3144||33
3144||43
3144||93
3145||29
3146||24
3146||49
3146||55
3146||76
3146||85
3146||90
3147||33
3147||69
3148||88
3149||32
3149||76
3149||78
314||60
3150||11
3150||32
3150||55
3151||60
3152||1
3152||22
3152||36
3152||5
3152||81
3152||92
3153||14
3153||29
3153||33
3154||1
3154||4
3154||44
3154||56
3154||93
3155||11
3155||43
3155||69
3155||89
3156||10
3156||12
3156||40
3156||55
3157||32
3157||33
3157||47
3157||73
3157||79
3158||1
3159||1
3159||11
3159||24
3159||33
3159||49
3159||73
315||27
3160||10
3160||50
3160||89
3161||1
3161||32
3161||60
3161||73
3162||9
3163||1
3163||27
3163||3
3164||1
3164||14
3164||29
3164||3
3164||32
3164||52
3164||56
3165||69
3166||24
3166||31
3166||32
3166||73
3166||78
3167||17
3167||3
3167||30
3167||36
3168||27
3168||28
3169||29
316||27
316||28
3170||2
3170||43
3170||49
3170||73
3170||76
3171||17
3171||20
3171||24
3171||3
3171||40
3172||1
3172||24
3173||1
3173||3
3173||32
3173||44
3174||32
3174||33
3174||40
3175||17
3175||3
3175||32
3175||37
3175||40
3176||3
3176||32
3176||40
3176||45
3176||47
3176||69
3176||78
3177||12
3177||3
3178||3
3178||59
3178||83
3179||43
3179||58
3179||63
3179||73
317||27
3180||38
3180||60
3180||62
3181||3
3181||32
3181||91
3182||3
3183||93
3184||1
3184||24
3185||27
3186||11
3186||24
3186||32
3186||52
3186||60
3186||63
3186||73
3187||43
3188||27
3189||12
3189||18
3189||19
318||27
3190||1
3190||32
3191||29
3192||29
3193||29
3194||32
3194||40
3194||76
3195||50
3195||52
3195||60
3195||69
3195||86
3196||1
3196||14
3196||15
3196||2
3196||24
3196||29
3196||31
3196||32
3196||33
3196||46
3196||47
3196||5
3196||55
3196||76
3196||86
3196||89
3196||93
3197||29
3197||31
3197||32
3197||33
3197||40
3197||55
3197||73
3197||76
3197||78
3197||85
3198||12
3199||58
319||14
319||29
31||27
3200||11
3200||43
3200||55
3200||73
3201||29
3202||69
3203||3
3203||47
3203||89
3204||14
3204||29
3204||33
3205||18
3205||19
3205||27
3206||89
3207||25
3207||27
3207||3
3207||32
3207||33
3207||5
3207||52
3207||60
3207||69
3207||73
3207||76
3207||92
3208||1
3209||55
3209||69
3209||78
320||72
3210||2
3210||69
3211||32
3211||46
3211||48
3211||50
3211||52
3211||58
3211||69
3211||71
3211||78
3211||86
3212||40
3212||90
3213||27
3214||27
3215||30
3215||32
3215||46
3215||55
3215||58
3215||78
3215||80
3215||89
3216||27
3217||1
3217||16
3217||60
3218||13
3219||89
321||14
321||29
321||33
3220||17
3220||34
3220||40
3220||47
3220||76
3220||77
3220||78
3220||88
3221||43
3222||11
3222||43
3223||10
3223||12
3223||15
3223||87
3224||12
3225||28
3225||60
3226||40
3226||47
3227||73
3228||3
3229||10
3229||11
3229||12
3229||33
3229||40
3229||44
3229||5
322||27
3230||24
3230||29
3230||33
3231||55
3231||85
3232||24
3233||27
3233||73
3234||29
3235||24
3235||25
3235||36
3235||81
3235||92
3236||32
3236||76
3236||78
3237||55
3237||73
3238||27
3238||60
3238||73
3239||31
3239||32
3239||33
3239||4
3239||76
3239||78
3239||93
323||27
3240||1
3240||12
3241||17
3241||37
3241||42
3241||60
3242||29
3243||60
3243||73
3244||1
3245||17
3245||3
3245||43
3245||52
3245||69
3245||76
3246||27
3246||28
3246||72
3246||82
3247||31
3247||32
3247||55
3247||93
3248||24
3248||33
3248||50
3248||64
3248||86
3249||29
324||27
3250||14
3250||29
3250||32
3250||33
3250||4
3250||40
3250||73
3250||78
3251||27
3252||3
3252||40
3252||88
3253||91
3254||1
3254||17
3254||24
3254||3
3254||32
3254||34
3254||35
3254||37
3254||63
3254||78
3255||14
3255||29
3255||33
3255||93
3256||24
3256||3
3256||84
3257||9
3258||30
3258||32
3259||17
3259||32
3259||40
3259||44
3259||45
3259||55
3259||56
325||27
3260||24
3260||3
3260||33
3260||43
3260||56
3260||89
3261||17
3261||34
3261||42
3261||47
3261||50
3261||52
3261||58
3261||60
3261||69
3261||86
3262||33
3262||73
3263||24
3263||32
3263||34
3263||76
3264||1
3264||14
3264||17
3264||32
3264||33
3264||69
3264||76
3265||29
3266||29
3267||12
3267||59
3267||60
3268||14
3268||29
3268||33
3269||17
3269||24
3269||25
3269||3
3269||47
3269||50
3269||56
326||81
326||92
3270||29
3271||27
3272||32
3272||33
3272||40
3272||63
3272||87
3272||90
3273||40
3273||60
3274||3
3275||11
3276||11
3276||14
3276||29
3276||32
3276||33
3276||40
3276||89
3276||916
3277||17
3277||24
3277||25
3277||32
3277||73
3278||32
3278||69
3278||76
3278||89
3279||17
3279||18
3279||24
3279||34
3279||40
327||14
327||29
327||31
327||33
3280||31
3280||32
3280||76
3280||91
3281||31
3281||32
3281||91
3282||32
3283||22
3284||88
3285||22
3285||32
3285||36
3285||70
3285||81
3286||3
3287||29
3288||1
3288||17
3288||20
3288||21
3288||34
3288||62
3289||29
328||24
328||25
328||3
328||50
328||69
328||86
3290||24
3290||3
3290||52
3290||64
3291||33
3291||60
3292||41
3292||50
3293||11
3293||2
3293||31
3293||32
3294||82
3295||40
3296||24
3296||25
3296||69
3296||86
3297||40
3298||1
3298||29
3298||3
3298||33
3299||3
3299||32
3299||7
3299||76
329||14
329||29
329||33
32||24
32||32
32||81
3300||33
3300||58
3300||60
3301||27
3302||31
3302||32
3302||33
3302||93
3303||32
3304||11
3304||12
3304||49
3304||55
3305||12
3305||40
3306||27
3306||28
3307||10
3307||12
3307||56
3308||29
3309||69
3309||70
330||1
330||14
330||17
330||20
330||22
330||23
330||29
330||3
330||32
330||33
330||40
330||47
330||52
330||56
330||58
330||60
330||69
330||76
330||86
3310||27
3311||24
3311||32
3312||27
3313||24
3313||32
3313||78
3314||11
3314||12
3314||16
3314||60
3315||1
3315||60
3315||64
3316||1
3316||24
3316||29
3316||3
3316||31
3316||32
3316||69
3316||89
3317||10
3317||11
3317||12
3317||42
3317||90
3318||24
3318||3
3318||84
3319||27
331||27
3320||31
3320||32
3320||55
3320||64
3321||14
3321||17
3321||24
3321||29
3321||33
3321||40
3321||50
3321||59
3321||60
3321||69
3321||83
3322||14
3322||29
3322||33
3323||24
3323||25
3323||26
3323||34
3323||78
3324||29
3324||31
3324||32
3324||4
3325||55
3325||73
3326||35
3326||50
3326||69
3326||76
3326||78
3326||89
3327||69
3327||89
3328||10
3328||12
3328||32
3328||43
3329||29
332||27
3330||11
3330||12
3331||31
3331||47
3331||56
3332||69
3332||89
3333||12
3333||24
3333||40
3333||60
3333||67
3333||917
3333||918
3333||919
3334||12
3335||32
3335||33
3335||58
3335||73
3335||81
3336||40
3336||55
3336||87
3337||31
3337||32
3337||4
3337||73
3338||1
3338||32
3339||42
333||27
3340||3
3340||47
3340||48
3340||56
3340||59
3340||60
3341||27
3342||17
3342||26
3342||34
3342||48
3342||55
3343||16
3343||17
3343||20
3343||24
3343||25
3343||47
3343||58
3343||59
3343||60
3343||9
3344||32
3344||33
3344||73
3345||91
3346||52
3346||69
3347||1
3347||29
3347||31
3347||32
3347||33
3347||56
3347||60
3347||69
3347||73
3347||93
3348||60
3349||40
3349||74
334||11
3350||27
3351||11
3352||30
3352||32
3352||33
3352||40
3352||76
3353||1
3353||31
3353||32
3353||4
3353||47
3353||55
3353||73
3353||92
3354||1
3354||24
3354||29
3354||31
3354||32
3354||33
3354||4
3354||46
3354||55
3354||78
3354||93
3355||27
3356||60
3357||25
3357||93
3358||31
3358||76
3359||1
3359||17
3359||20
3359||23
3359||25
3359||47
3359||50
3359||60
3359||64
335||27
3360||1
3360||17
3360||24
3360||3
3360||30
3360||32
3360||47
3360||78
3361||27
3361||47
3362||14
3362||29
3362||33
3362||69
3362||86
3362||93
3363||3
3363||30
3363||32
3363||40
3363||58
3363||76
3364||3
3364||59
3364||60
3364||62
3365||32
3365||69
3365||78
3366||1
3366||9
3367||20
3367||48
3367||52
3367||59
3367||60
3368||11
3368||32
3369||31
3369||32
336||27
336||28
3370||17
3370||24
3370||3
3370||34
3370||63
3370||73
3370||8
3371||42
3372||14
3372||33
3372||93
3373||73
3374||85
3375||11
3375||32
3375||47
3375||55
3375||73
3376||88
3377||32
3378||40
3378||87
3378||90
3379||27
3379||82
337||27
3380||60
3381||14
3382||32
3382||43
3382||55
3382||58
3382||76
3383||23
3383||3
3383||32
3383||35
3383||37
3383||40
3383||60
3383||9
3384||32
3384||69
3385||10
3385||40
3385||55
3386||29
3387||10
3387||11
3387||12
3387||43
3387||47
3387||60
3388||32
3388||33
3388||60
3388||76
3389||31
3389||32
338||14
3390||27
3391||20
3391||25
3391||59
3391||60
3392||11
3393||48
3393||58
3393||69
3393||71
3393||78
3393||86
3394||37
3394||40
3394||88
3395||3
3395||40
3396||11
3396||12
3396||32
3396||60
3397||32
3397||33
3397||47
3397||5
3397||51
3397||56
3397||60
3397||69
3397||76
3398||73
3399||1
3399||24
3399||3
3399||33
3399||44
3399||47
3399||50
3399||52
3399||64
3399||92
339||27
339||28
33||27
3400||26
3400||33
3400||78
3400||93
3401||30
3401||32
3401||45
3401||47
3401||71
3401||76
3402||3
3402||32
3403||11
3403||2
3403||31
3403||32
3403||55
3404||23
3404||3
3404||59
3404||60
3404||73
3404||83
3404||9
3405||38
3406||10
3406||40
3407||37
3407||40
3408||31
3408||32
3408||33
3408||55
3408||76
3409||47
3409||56
340||29
3410||32
3410||43
3410||55
3410||89
3411||60
3412||69
3413||32
3413||47
3413||49
3413||76
3414||29
3415||31
3415||32
3416||14
3416||16
3416||29
3416||3
3416||33
3416||5
3416||56
3416||69
3416||70
3416||92
3417||29
3418||27
3419||1
3419||17
3419||24
3419||3
3419||32
3419||33
341||27
3420||60
3421||69
3422||55
3423||31
3423||33
3423||76
3423||93
3424||17
3424||3
3424||35
3424||37
3424||60
3425||32
3425||47
3426||1
3426||15
3426||25
3426||32
3426||33
3426||36
3426||5
3426||81
3426||92
3427||32
3427||43
3427||73
3427||76
3427||91
3428||3
3428||88
3429||35
3429||42
3429||71
3429||73
342||27
3430||3
3430||32
3430||50
3430||58
3430||64
3430||69
3430||78
3430||9
3431||78
3432||43
3433||33
3433||40
3433||47
3433||56
3433||60
3434||78
3435||24
3435||32
3435||47
3435||55
3435||63
3435||76
3435||78
3436||10
3436||12
3436||17
3436||3
3436||37
3436||51
3436||78
3436||9
3437||31
3437||33
3437||40
3437||55
3438||29
3438||3
3438||31
3438||32
3438||47
3438||76
3438||77
3438||89
3439||32
343||27
3440||40
3441||1
3441||15
3441||26
3441||3
3441||32
3441||42
3441||44
3441||47
3441||69
3441||78
3442||40
3443||1
3443||23
3443||24
3443||3
3443||32
3443||34
3443||38
3443||59
3443||60
3443||76
3443||78
3443||83
3444||33
3445||60
3446||73
3447||27
3448||69
3448||78
3449||27
344||14
344||29
3450||14
3450||24
3450||29
3450||33
3450||69
3451||29
3451||33
3451||73
3452||24
3452||32
3452||40
3452||44
3452||47
3452||58
3452||63
3452||78
3453||17
3453||26
3453||32
3453||47
3453||51
3453||52
3453||58
3453||59
3453||60
3453||69
3453||78
3453||83
3453||89
3454||27
3455||17
3455||32
3455||60
3455||73
3455||86
3456||33
3456||43
3457||31
3457||32
3457||4
3457||73
345||27
345||28
346||27
347||29
348||27
349||14
349||29
349||33
349||56
349||93
34||1
34||3
34||50
34||52
34||69
350||27
351||27
352||27
353||27
354||27
355||27
356||27
357||60
358||27
358||28
358||29
359||27
35||13
360||27
361||27
361||28
362||27
363||27
364||27
365||27
366||1
366||16
366||17
366||20
366||24
366||29
366||3
366||38
366||59
366||60
366||62
366||83
366||84
367||14
367||29
367||33
367||50
367||69
367||89
368||27
369||27
36||89
370||11
370||12
370||27
370||60
370||88
371||27
372||13
373||27
374||27
374||28
375||27
376||27
377||27
378||27
378||60
378||73
379||27
37||27
380||27
380||28
381||27
381||28
382||5
382||92
383||27
383||28
384||22
384||24
384||5
384||52
384||60
384||70
384||92
385||1
385||17
385||24
385||3
385||30
385||32
385||34
386||27
387||27
387||28
388||27
389||27
38||32
38||5
38||92
390||27
391||14
391||29
391||32
391||33
391||93
392||1
392||14
392||33
392||50
392||69
392||70
392||86
393||27
394||27
395||27
395||33
395||52
395||56
395||93
396||27
397||27
398||27
398||28
399||5
399||92
39||27
39||28
3||27
400||27
401||27
402||27
403||27
403||28
404||27
404||28
405||27
406||27
406||72
407||20
407||33
407||44
407||47
407||50
407||52
407||58
407||60
407||69
407||86
408||14
408||27
408||29
408||33
408||50
408||56
408||69
409||27
409||28
40||73
410||27
411||27
411||28
412||14
412||29
412||33
413||27
414||27
415||22
415||24
415||33
415||52
415||69
416||29
416||33
417||28
418||14
418||29
418||33
418||4
418||40
418||56
418||73
418||93
419||27
419||28
41||1
41||15
41||25
41||32
420||27
421||27
422||27
423||27
424||28
425||27
426||60
427||27
428||27
429||27
42||27
42||28
430||29
431||29
432||27
432||43
432||82
433||27
434||27
434||60
435||27
436||27
437||27
438||27
439||3
439||50
43||60
43||73
43||82
440||27
441||13
442||17
442||24
442||3
442||30
442||32
442||33
442||34
442||36
442||37
442||46
442||47
442||51
442||56
442||69
442||78
442||89
443||27
444||27
445||60
445||61
445||72
445||73
446||27
447||13
448||27
449||27
44||32
44||33
44||47
44||55
44||60
450||27
451||27
452||25
453||27
454||11
454||32
455||29
456||14
456||17
456||24
456||3
456||33
456||48
456||50
456||58
456||62
456||70
456||71
456||86
457||29
458||14
458||29
458||33
459||14
459||29
459||33
459||56
459||93
45||62
45||64
460||10
460||11
460||12
460||92
461||29
462||13
462||15
462||18
462||60
463||13
464||27
465||1
465||3
465||50
465||52
465||69
465||74
466||1
467||29
468||24
468||3
468||52
469||14
469||29
46||27
46||32
46||33
46||40
46||44
46||52
46||56
46||60
46||71
46||93
470||14
470||29
470||33
471||13
472||27
473||29
474||27
475||82
476||27
477||29
478||29
479||27
47||15
47||32
47||73
47||76
480||27
481||27
482||50
482||52
482||64
482||69
482||86
483||15
484||1
484||17
484||24
484||3
484||50
484||52
484||69
485||1
485||22
486||14
486||24
486||29
486||33
486||69
486||89
487||29
488||1
488||25
488||69
488||86
489||1
489||32
489||60
48||74
490||11
490||12
490||40
490||47
490||5
490||52
490||60
490||90
490||92
491||3
491||33
491||50
491||69
491||73
491||86
492||27
493||40
493||5
493||60
494||29
495||22
495||29
496||55
497||10
497||31
497||32
497||5
497||56
497||73
497||92
498||10
498||20
498||22
498||32
498||5
498||55
498||60
498||92
499||29
499||33
499||43
499||56
49||1
49||30
49||32
49||47
49||55
49||58
49||63
49||78
4||29
500||1
500||11
500||43
500||89
501||1
501||24
501||32
501||33
501||43
501||44
501||73
501||78
501||89
502||81
502||92
503||27
503||28
504||27
505||32
505||33
505||44
505||60
505||78
506||1
506||31
506||32
506||55
506||58
506||76
506||90
506||93
507||40
508||24
508||5
508||9
508||92
509||32
509||73
50||1
50||3
50||35
50||47
50||78
510||17
510||24
510||32
511||32
511||36
512||60
512||73
513||32
513||40
513||69
513||73
513||76
513||89
514||29
515||16
515||38
515||44
515||45
515||51
515||60
515||62
515||64
515||93
516||12
516||31
516||32
516||43
516||55
516||73
516||85
516||88
516||90
517||29
518||65
519||1
519||40
519||47
519||56
519||73
51||17
51||25
51||3
51||32
51||33
51||34
51||37
51||60
51||8
51||84
520||1
520||10
520||12
520||31
520||32
520||34
520||35
520||37
520||42
520||43
520||55
520||69
520||73
520||85
520||91
521||16
521||17
521||20
521||21
521||3
521||32
521||37
521||55
521||60
521||69
521||76
522||20
522||60
522||73
522||74
523||10
523||12
524||73
525||1
525||31
525||32
525||4
525||73
526||32
526||49
526||91
527||14
527||24
527||29
527||32
527||33
527||46
527||69
527||79
527||89
527||93
528||32
528||47
528||52
528||55
528||69
528||89
529||11
529||2
529||43
52||60
530||3
530||59
530||60
530||83
531||29
532||29
533||27
533||28
534||12
534||60
535||14
535||29
535||33
535||93
536||29
537||10
537||32
537||55
538||15
538||24
538||31
538||32
538||33
538||50
538||69
538||73
538||78
539||10
539||32
539||40
539||87
53||24
53||32
53||33
53||47
53||69
53||78
540||11
540||32
540||33
540||40
540||50
540||69
541||31
541||32
541||63
541||69
541||73
541||76
541||78
541||89
542||22
542||32
542||5
542||50
542||69
542||92
543||12
543||25
543||40
544||31
544||32
544||4
544||43
544||55
545||10
545||11
545||12
545||17
545||24
545||36
545||40
545||44
545||78
546||31
546||32
546||47
547||32
547||36
547||5
547||81
547||92
548||27
548||28
549||11
54||31
54||32
54||33
54||40
54||55
54||60
550||3
550||32
550||69
550||78
550||89
550||93
551||1
551||3
551||32
551||33
551||42
551||78
552||17
552||32
552||37
552||44
552||55
552||90
553||1
553||60
554||10
554||11
554||12
554||32
554||40
555||14
555||33
555||69
555||73
555||86
556||32
556||40
556||42
556||46
556||71
556||78
556||79
557||24
557||50
557||86
558||24
558||3
558||69
558||86
559||40
559||60
559||86
55||43
560||14
560||29
560||93
561||12
561||43
562||11
562||22
562||33
562||43
562||63
562||93
563||33
563||52
563||70
564||32
565||1
565||12
565||30
565||32
565||40
565||60
566||11
566||30
566||32
566||37
566||40
566||44
566||46
566||47
566||49
566||55
566||71
566||78
566||79
566||80
567||67
568||14
568||17
568||24
568||29
568||33
568||38
568||40
568||48
568||52
568||59
568||60
568||62
568||63
568||64
568||69
568||83
568||86
569||11
569||12
569||29
56||17
56||24
56||30
56||32
56||36
56||37
56||46
56||78
570||17
570||20
570||37
570||38
570||60
571||24
571||32
571||36
571||5
571||92
572||27
573||29
573||3
573||30
573||32
573||34
573||47
573||71
573||78
574||27
575||11
575||12
575||32
576||3
577||10
577||32
578||1
578||24
578||25
578||3
578||33
578||5
578||52
578||69
578||92
579||10
579||2
579||31
579||32
579||55
57||33
580||40
580||88
581||3
581||37
582||32
582||78
583||40
583||73
584||40
584||90
585||2
585||32
585||40
585||47
585||55
585||60
585||90
586||11
586||29
586||31
586||32
586||40
586||42
586||60
586||78
587||29
588||1
588||10
588||12
588||17
588||21
588||24
588||3
588||30
588||32
588||42
588||44
588||47
588||59
588||60
588||74
589||32
589||60
589||87
58||3
58||59
58||60
58||62
58||64
590||17
590||37
590||58
590||60
590||69
590||71
591||1
591||17
591||3
591||37
592||32
592||60
593||27
593||28
594||1
594||24
594||3
594||33
594||37
594||4
594||40
594||47
594||69
594||71
595||27
595||28
596||32
596||47
596||50
596||58
596||69
596||78
597||14
597||29
598||15
598||16
598||40
598||60
598||71
599||1
599||10
599||11
599||12
599||54
599||60
59||1
59||17
59||24
59||32
59||49
59||85
5||27
600||32
600||52
600||60
601||31
601||32
601||89
602||1
602||31
602||32
602||33
602||4
602||47
602||55
602||69
602||89
603||1
603||24
603||31
603||32
603||33
603||37
603||4
603||73
603||78
603||93
604||1
604||32
604||33
605||44
605||47
605||51
605||55
605||58
605||73
606||88
607||17
607||25
607||40
607||53
607||54
607||59
607||60
607||73
607||83
608||60
608||69
609||16
609||25
609||47
609||56
609||60
609||63
60||30
60||32
60||36
60||40
60||63
60||76
610||1
610||17
610||24
610||3
610||32
610||34
610||35
610||37
610||42
611||12
611||18
611||19
611||25
611||54
611||59
611||60
611||83
611||9
612||11
612||32
613||1
613||15
613||31
613||32
613||55
613||73
613||74
613||85
614||27
615||11
615||2
615||33
615||60
616||20
616||60
616||63
616||69
616||89
617||40
618||11
618||18
618||19
618||2
618||31
618||32
618||40
618||55
618||67
618||73
618||78
619||10
619||40
619||87
61||10
61||3
61||40
61||55
61||58
61||63
61||73
61||87
61||9
620||32
620||52
620||56
620||76
620||78
621||1
621||17
621||21
621||3
621||32
621||34
621||35
621||43
621||5
621||53
621||59
621||60
621||73
621||92
622||13
622||14
622||29
622||33
622||69
622||86
622||89
623||38
623||40
623||60
623||62
623||87
623||88
624||11
624||2
624||29
625||14
625||24
625||33
625||69
626||32
626||49
626||5
626||6
626||81
626||85
626||89
626||92
627||12
627||14
627||29
627||32
627||33
627||40
627||87
627||93
628||11
628||17
628||2
628||37
628||40
629||33
629||63
629||69
62||24
62||3
62||30
62||32
62||4
62||63
62||69
62||73
62||78
62||93
630||27
631||40
631||55
632||1
632||11
632||12
632||31
632||32
632||40
632||46
632||47
632||60
632||69
632||78
632||93
633||3
633||32
633||60
633||73
634||1
634||55
634||69
635||13
636||32
636||69
636||78
636||89
637||33
637||93
638||59
638||60
638||69
639||17
639||24
639||3
639||37
639||40
639||60
63||53
63||57
63||59
63||60
63||62
63||69
63||73
63||83
640||13
641||29
642||31
642||32
642||69
643||14
643||24
643||29
643||33
643||56
644||37
644||40
644||90
645||32
645||33
645||76
645||89
646||32
646||36
646||73
646||78
647||31
647||32
647||55
647||69
647||76
647||78
647||86
647||91
648||14
648||29
648||30
648||32
648||33
648||40
648||63
649||11
64||20
64||21
64||60
650||29
651||32
651||36
651||5
651||60
651||81
651||92
652||1
652||3
652||33
652||4
652||44
652||47
652||56
653||27
654||32
654||60
654||69
654||71
654||76
654||83
655||11
655||12
656||40
657||27
657||28
657||29
657||60
658||40
658||90
659||27
65||1
65||24
65||3
65||32
65||47
65||50
65||52
65||58
65||69
660||40
661||14
661||29
661||33
661||44
661||47
661||56
661||93
662||21
662||60
662||62
663||37
663||40
664||31
664||32
664||40
664||44
664||55
664||73
665||27
666||10
666||11
666||12
667||1
667||32
667||36
667||42
667||44
667||69
667||86
668||31
668||32
668||55
668||60
668||73
669||32
669||44
669||76
66||10
66||12
66||60
66||73
670||50
671||11
671||32
671||69
672||27
672||28
672||29
672||33
672||93
673||1
674||32
674||33
674||73
674||78
674||93
675||17
675||22
675||36
675||37
675||5
675||64
675||81
675||92
676||74
677||24
677||32
677||50
677||55
677||58
677||69
677||76
677||9
678||31
678||32
678||69
678||76
678||78
679||4
679||43
679||47
679||52
67||14
67||33
67||43
67||44
67||78
67||89
67||93
680||40
680||87
681||24
681||36
681||38
681||5
681||62
681||81
681||92
682||54
682||59
682||60
683||14
683||24
683||29
683||33
683||52
683||93
684||27
685||11
685||24
685||43
686||17
686||37
686||60
687||11
687||12
688||32
688||76
688||78
689||27
68||32
68||63
68||76
690||32
691||3
692||82
693||13
693||27
694||32
694||35
694||60
694||71
694||76
694||78
695||14
695||15
695||17
695||24
695||32
695||40
695||52
695||74
695||93
696||5
697||1
697||11
697||27
697||29
697||73
697||82
698||27
698||82
699||27
69||1
69||14
69||17
69||24
69||30
69||33
69||34
69||35
69||37
69||42
69||43
69||45
69||47
69||50
69||64
69||69
69||7
69||71
69||73
69||86
6||55
700||11
700||32
700||44
700||5
701||3
701||31
701||32
701||33
701||46
701||47
701||76
702||1
702||14
702||24
702||29
702||3
702||33
702||52
702||69
702||70
702||86
703||33
704||22
704||48
704||50
704||52
704||58
704||69
704||71
704||93
705||11
705||31
705||32
705||33
705||47
705||73
705||78
706||17
706||3
706||37
706||84
707||29
708||14
708||24
708||25
708||33
708||69
709||27
70||27
70||28
710||32
710||63
711||55
712||32
712||55
713||32
713||50
713||60
713||69
713||86
714||32
714||55
714||76
715||9
716||28
717||17
717||37
717||40
718||10
718||11
718||32
718||7
718||76
718||89
719||11
719||55
719||58
719||73
71||1
71||11
71||32
71||40
71||60
71||63
71||73
720||3
720||60
721||32
722||31
722||32
722||36
722||60
722||69
722||73
722||78
722||82
723||27
724||32
724||73
725||1
725||11
725||17
726||32
726||33
726||59
726||60
726||62
726||73
726||76
726||78
726||83
727||28
728||17
728||3
728||32
728||43
728||78
729||1
729||11
729||17
729||24
729||3
729||37
729||45
729||47
72||73
730||29
731||1
731||32
731||34
732||1
732||14
732||29
732||31
732||32
732||33
732||78
733||78
733||86
733||89
734||27
734||28
735||32
735||73
736||23
736||3
736||38
736||60
736||62
737||25
737||31
737||32
737||60
738||32
739||29
73||27
740||29
741||14
741||29
741||32
741||33
741||69
741||91
742||27
743||1
743||17
743||24
743||3
743||30
743||32
743||34
744||17
744||24
744||26
744||30
744||32
744||34
744||40
744||46
744||55
744||58
744||69
744||76
744||78
744||86
745||3
745||40
746||17
746||3
746||42
746||74
746||9
747||27
748||32
748||69
749||40
74||29
750||31
750||32
750||60
751||14
751||29
751||33
752||3
752||9
753||27
754||26
754||32
754||40
754||44
754||55
755||16
755||20
755||26
755||32
755||34
755||58
755||60
755||76
755||89
756||29
757||1
757||26
757||33
757||69
757||86
757||89
758||17
758||24
758||32
758||33
758||40
758||54
758||60
758||69
759||31
759||32
759||55
75||27
760||29
760||31
760||32
760||33
760||69
760||73
760||76
760||86
761||32
761||43
761||60
762||11
762||14
762||2
762||29
762||33
762||43
762||73
763||27
764||1
764||12
764||16
764||24
764||33
764||44
764||47
764||50
764||51
764||60
764||69
764||74
764||89
765||22
765||24
765||36
765||50
765||69
766||27
767||43
767||45
767||47
767||55
768||74
768||90
769||29
76||27
770||24
770||33
770||40
770||44
770||47
770||56
771||33
771||93
772||14
772||24
772||29
772||31
772||32
772||33
772||4
772||55
773||14
773||29
773||31
773||32
773||47
773||69
773||73
773||76
773||78
773||89
774||31
774||32
774||33
774||4
774||55
774||73
774||85
774||93
775||1
775||14
775||17
775||24
775||69
775||89
776||76
777||32
777||69
777||76
777||78
777||86
778||14
778||24
778||32
778||44
778||50
778||52
778||69
778||78
779||11
779||12
779||44
779||54
779||60
77||29
780||32
780||52
780||60
781||27
782||30
782||32
782||40
782||46
782||47
782||73
782||78
783||1
783||17
783||24
783||3
784||10
784||3
785||40
786||1
786||43
787||32
787||52
787||60
787||69
787||7
787||89
788||29
789||14
789||24
789||29
789||33
789||52
789||69
789||86
78||27
790||10
790||12
790||32
790||38
790||40
790||47
790||59
790||60
790||73
790||83
791||11
791||12
791||32
791||33
791||60
791||69
791||86
792||27
792||29
793||40
794||24
794||32
794||33
794||55
794||78
794||85
794||93
795||29
795||31
795||32
795||60
795||69
796||17
796||40
797||36
797||5
798||14
798||24
798||25
798||29
798||50
798||52
798||64
798||69
798||86
799||12
799||31
799||32
799||33
799||76
799||93
79||27
79||28
7||27
800||32
800||78
801||1
801||24
801||43
801||63
802||1
802||3
802||32
802||47
802||58
802||76
803||3
803||32
803||33
803||40
803||43
803||55
803||58
803||73
803||82
803||91
804||31
804||32
804||43
804||55
805||10
805||12
805||40
805||60
806||24
806||31
806||32
806||4
806||43
806||78
806||93
807||11
807||32
807||38
807||52
807||53
807||55
807||56
807||57
807||60
807||69
807||75
808||40
808||58
809||50
809||69
809||86
809||89
80||29
810||24
810||3
810||30
810||63
811||27
812||1
812||15
812||24
812||27
812||3
812||43
812||56
812||60
813||1
813||29
813||3
813||32
813||33
813||76
813||78
813||89
813||93
814||27
815||14
815||29
815||33
815||56
816||63
817||14
817||32
817||33
817||60
818||37
818||40
818||60
819||40
819||88
81||27
820||27
820||3
820||40
821||1
821||10
821||3
821||32
821||76
822||1
822||32
822||93
823||37
823||38
824||55
825||40
826||36
827||11
827||33
827||86
828||29
828||33
829||27
82||31
82||32
82||33
82||55
82||58
82||63
830||14
830||29
831||1
831||31
831||32
831||40
831||43
831||60
831||87
832||1
832||23
832||3
832||34
832||55
832||58
832||60
832||73
832||84
833||1
833||24
833||25
833||3
833||47
833||51
833||58
833||63
833||78
834||24
834||3
834||35
834||37
834||42
834||50
834||51
834||69
834||76
835||38
835||60
836||40
837||32
837||49
837||69
837||91
838||17
838||32
838||37
838||78
839||17
839||37
839||40
83||13
83||15
83||18
83||60
840||32
840||33
840||37
840||42
840||46
840||55
840||69
840||76
840||93
841||1
841||3
841||33
841||45
841||47
841||52
842||14
842||29
843||3
843||73
844||27
845||17
845||37
845||38
845||62
846||40
846||92
847||43
848||32
848||40
848||55
848||58
848||73
848||87
849||32
849||58
849||70
84||1
84||10
84||12
84||24
84||32
84||33
84||60
850||32
850||50
850||69
850||89
851||60
851||72
852||22
852||32
852||50
852||59
852||60
852||62
852||63
852||69
852||78
853||3
854||10
854||12
854||33
854||4
854||47
854||56
854||60
854||73
854||93
855||10
856||1
856||17
856||24
856||3
856||30
856||32
856||34
856||59
857||14
858||11
858||14
858||2
858||29
858||43
858||60
858||69
858||86
859||10
859||18
859||24
85||31
85||32
85||55
85||69
85||76
860||1
860||24
860||27
860||32
860||33
860||36
860||5
860||6
860||92
861||40
862||11
862||32
862||55
862||60
863||32
863||33
863||4
863||52
863||93
864||12
864||2
864||32
864||40
865||32
866||31
866||32
866||4
866||47
867||31
867||32
867||33
867||47
867||55
867||73
867||76
867||93
868||40
868||55
868||58
868||85
868||90
869||1
86||27
86||72
86||82
870||14
870||33
870||47
870||56
871||32
871||73
872||20
872||23
872||3
872||37
872||60
872||89
872||9
873||31
873||32
873||60
873||73
874||31
874||32
875||10
875||12
875||55
875||60
876||32
877||1
877||32
877||4
877||5
878||60
879||17
879||24
879||25
879||3
879||32
879||33
879||34
879||37
879||42
879||69
879||78
879||89
87||40
880||1
880||17
880||24
880||3
880||32
880||44
881||4
881||47
881||56
881||93
882||40
883||27
884||40
884||90
885||29
886||11
886||32
886||55
886||73
886||88
887||12
887||32
888||5
888||70
888||92
889||32
889||76
88||11
88||32
88||55
890||31
890||32
891||32
891||36
891||40
891||43
891||44
891||47
891||5
891||76
891||78
891||92
892||14
892||20
892||24
892||29
892||33
892||35
892||52
892||60
892||62
892||73
892||76
892||9
893||14
893||29
894||31
894||32
894||33
895||31
895||32
895||46
895||76
895||93
896||27
897||14
897||25
897||33
898||38
899||17
899||32
899||37
899||69
899||76
899||78
89||1
89||32
89||33
89||43
89||47
89||5
8||27
900||32
901||32
901||78
902||3
902||37
902||60
902||69
903||32
903||69
903||76
903||85
904||1
904||17
904||24
904||3
904||30
904||32
904||34
905||1
905||3
905||32
905||45
905||51
905||55
905||76
906||31
906||32
906||33
906||60
907||11
907||32
907||33
907||69
907||86
907||89
908||32
908||36
908||81
909||1
909||17
909||24
909||3
909||32
909||48
909||69
909||86
90||1
910||1
910||11
910||12
910||3
910||92
911||10
911||12
911||59
911||83
912||27
913||31
913||32
913||33
913||63
913||76
914||32
914||60
914||73
914||86
915||23
915||3
915||37
915||9
916||29
916||33
916||40
917||31
917||32
917||33
917||40
917||43
917||47
917||55
917||76
917||87
918||29
918||31
918||32
918||49
919||40
919||88
91||43
91||47
91||55
91||60
91||73
920||3
920||40
920||9
921||24
921||32
921||33
921||55
921||76
921||85
921||89
922||1
922||24
922||32
922||33
922||4
922||46
922||47
922||69
922||73
922||76
922||78
922||80
922||86
923||24
923||27
923||3
923||31
923||32
923||34
923||4
923||47
923||55
923||76
924||73
925||1
925||17
925||24
925||3
925||32
925||34
925||40
925||46
925||47
925||63
925||73
925||78
926||52
926||60
927||20
927||60
927||62
928||3
928||32
928||60
928||69
929||12
929||15
929||3
929||32
929||35
929||36
92||29
930||14
930||33
930||60
930||62
931||1
931||31
931||32
931||33
931||4
931||73
932||25
932||32
932||60
932||73
933||24
933||50
933||86
934||24
934||29
934||31
934||32
934||33
934||78
935||17
935||20
935||26
935||3
935||40
935||47
935||60
935||89
936||1
936||10
936||12
936||14
936||23
936||24
936||29
936||3
936||32
936||33
936||40
936||47
936||55
936||60
936||63
936||64
936||69
936||74
936||81
936||9
937||1
937||23
937||3
937||37
937||9
938||32
939||27
93||27
940||58
940||60
941||24
941||36
941||50
941||58
941||64
941||69
941||78
941||86
942||10
942||32
942||60
943||59
943||60
944||1
944||17
944||24
944||32
944||60
945||32
945||91
946||1
946||3
946||32
946||47
946||50
946||55
946||60
946||69
947||32
947||33
947||47
947||49
947||69
947||73
947||78
947||89
947||93
948||32
948||55
948||76
948||78
949||60
94||29
950||23
950||60
951||1
951||17
951||24
951||32
952||11
952||32
952||33
952||44
952||55
952||76
952||77
952||78
953||1
953||17
953||32
953||44
953||46
953||47
953||52
953||78
954||40
954||55
954||88
955||55
955||57
955||60
956||10
956||12
956||32
956||60
957||47
957||55
957||9
958||40
959||27
95||29
960||35
960||37
960||60
961||1
961||24
961||32
961||48
961||52
961||56
961||69
961||89
961||93
962||1
962||17
962||3
962||30
962||32
962||35
962||37
962||44
962||73
962||78
963||1
963||14
963||15
963||24
963||29
963||32
963||33
963||34
963||36
963||43
963||58
963||76
963||78
963||89
963||93
964||74
965||12
965||32
965||59
965||83
966||1
966||32
966||33
966||5
967||40
968||55
969||1
969||14
969||33
969||4
969||44
969||93
96||25
96||32
96||42
96||60
96||73
970||13
971||3
972||29
972||31
972||32
972||33
972||73
973||14
973||31
973||32
973||46
973||63
973||76
973||93
974||15
974||44
974||47
974||73
974||90
975||10
975||11
975||12
975||32
976||14
976||29
976||32
976||33
976||52
976||55
976||69
976||78
976||93
977||1
977||15
977||40
977||88
977||90
978||1
978||33
978||4
978||47
978||56
978||93
979||14
979||24
979||33
979||52
979||69
979||89
979||93
97||12
97||32
97||60
980||24
980||32
980||36
980||48
980||5
980||52
980||6
980||64
980||81
980||92
981||11
982||40
982||43
982||45
983||32
984||11
984||3
985||18
985||19
986||27
986||28
986||82
987||11
988||1
988||3
988||31
988||32
988||33
988||69
988||73
989||10
989||12
98||27
990||50
990||69
990||89
991||27
991||28
992||32
992||47
992||55
992||69
992||78
993||31
993||32
993||49
993||52
993||69
993||89
994||11
994||32
995||12
995||40
996||11
996||14
996||2
996||29
996||33
996||43
996||69
996||70
997||1
997||5
998||32
998||44
998||69
998||78
999||17
999||24
999||3
999||33
999||37
999||60
999||9
99||3
99||32
99||60
9||27
